      #Energy        TDOS
     -67.16643       0.00000
     -66.92443       0.00000
     -66.68243       0.00000
     -66.44043       0.00000
     -66.19743       0.00000
     -65.95543       0.00000
     -65.71343       0.00000
     -65.47143       0.00000
     -65.22943       0.00000
     -64.98643       0.00000
     -64.74443      -0.00000
     -64.50243      -0.00000
     -64.26043      -0.00000
     -64.01843      -0.39300
     -63.77643      30.61000
     -63.53343      44.79000
     -63.29143      -0.68970
     -63.04943      -0.00009
     -62.80743       0.00000
     -62.56543       0.00000
     -62.32343       0.00000
     -62.08043       0.00000
     -61.83843       0.00000
     -61.59643       0.00000
     -61.35443       0.00000
     -61.11243       0.00000
     -60.86943       0.00000
     -60.62743       0.00000
     -60.38543       0.00000
     -60.14343       0.00000
     -59.90143       0.00000
     -59.65943       0.00000
     -59.41643       0.00000
     -59.17443       0.00000
     -58.93243       0.00000
     -58.69043       0.00000
     -58.44843       0.00000
     -58.20643       0.00000
     -57.96343       0.00000
     -57.72143       0.00000
     -57.47943      -0.00000
     -57.23743      -0.00000
     -56.99543      -0.00005
     -56.75243      -0.50130
     -56.51043      35.98000
     -56.26843      39.43000
     -56.02643      -0.57900
     -55.78443      -0.00004
     -55.54243       0.00000
     -55.29943      -0.00000
     -55.05743      -0.00000
     -54.81543      -0.00000
     -54.57343      -0.04362
     -54.33143      11.13000
     -54.08943      47.64000
     -53.84643      15.91000
     -53.60443      -0.31670
     -53.36243      -0.00001
     -53.12043       0.00000
     -52.87843       0.00000
     -52.63543       0.00000
     -52.39343       0.00000
     -52.15143       0.00000
     -51.90943       0.00000
     -51.66743       0.00000
     -51.42543       0.00000
     -51.18243       0.00000
     -50.94043       0.00000
     -50.69843       0.00000
     -50.45643       0.00000
     -50.21443       0.00000
     -49.97243       0.00000
     -49.72943       0.00000
     -49.48743       0.00000
     -49.24543      -0.00000
     -49.00343      -0.00000
     -48.76143      -0.00000
     -48.51843      -0.01825
     -48.27643       3.65000
     -48.03443      58.55000
     -47.79243      12.22000
     -47.55043      -0.07923
     -47.30843      -0.00000
     -47.06543       0.00000
     -46.82343       0.00000
     -46.58143       0.00000
     -46.33943       0.00000
     -46.09743       0.00000
     -45.85543       0.00000
     -45.61243       0.00000
     -45.37043       0.00000
     -45.12843       0.00000
     -44.88643       0.00000
     -44.64443       0.00000
     -44.40143       0.00000
     -44.15943       0.00000
     -43.91743       0.00000
     -43.67543       0.00000
     -43.43343       0.00000
     -43.19143       0.00000
     -42.94843       0.00000
     -42.70643       0.00000
     -42.46443       0.00000
     -42.22243       0.00000
     -41.98043       0.00000
     -41.73743       0.00000
     -41.49543       0.00000
     -41.25343       0.00000
     -41.01143       0.00000
     -40.76943       0.00000
     -40.52743       0.00000
     -40.28443       0.00000
     -40.04243       0.00000
     -39.80043       0.00000
     -39.55843       0.00000
     -39.31643       0.00000
     -39.07443       0.00000
     -38.83143      -0.00000
     -38.58943      -0.00000
     -38.34743      -0.00000
     -38.10543      -0.00928
     -37.86343       2.95900
     -37.62043     105.50000
     -37.37843     107.40000
     -37.13643       7.22600
     -36.89443      -0.06873
     -36.65243      -0.00000
     -36.41043       0.00000
     -36.16743       0.00000
     -35.92543       0.00000
     -35.68343       0.00000
     -35.44143       0.00000
     -35.19943       0.00000
     -34.95743       0.00000
     -34.71443       0.00000
     -34.47243       0.00000
     -34.23043       0.00000
     -33.98843      -0.00000
     -33.74643      -0.00000
     -33.50343      -0.00000
     -33.26143      -0.00103
     -33.01943      -0.89880
     -32.77743     111.10000
     -32.53543     113.30000
     -32.29343      -0.58490
     -32.05043      -0.00132
     -31.80843      -0.00000
     -31.56643      -0.00000
     -31.32443      -0.00000
     -31.08243      -0.00008
     -30.84043      -0.29860
     -30.59743      22.01000
     -30.35543      72.28000
     -30.11343      90.11000
     -29.87143      29.26000
     -29.62943       9.68000
     -29.38643      -0.06656
     -29.14443      -0.00000
     -28.90243       0.00000
     -28.66043       0.00000
     -28.41843       0.00000
     -28.17643       0.00000
     -27.93343       0.00000
     -27.69143      -0.00000
     -27.44943      -0.00000
     -27.20743      -0.00000
     -26.96543      -0.00979
     -26.72343       2.51100
     -26.48043      26.61000
     -26.23843      61.72000
     -25.99643     101.80000
     -25.75443      29.52000
     -25.51243       0.78440
     -25.26943      -0.00102
     -25.02743      -0.00000
     -24.78543       0.00000
     -24.54343       0.00000
     -24.30143       0.00000
     -24.05943       0.00000
     -23.81643       0.00000
     -23.57443       0.00000
     -23.33243       0.00000
     -23.09043       0.00000
     -22.84843       0.00000
     -22.60643       0.00000
     -22.36343       0.00000
     -22.12143       0.00000
     -21.87943       0.00000
     -21.63743       0.00000
     -21.39543       0.00000
     -21.15243       0.00000
     -20.91043       0.00000
     -20.66843       0.00000
     -20.42643       0.00000
     -20.18443       0.00000
     -19.94243       0.00000
     -19.69943       0.00000
     -19.45743       0.00000
     -19.21543       0.00000
     -18.97343       0.00000
     -18.73143       0.00000
     -18.48943       0.00000
     -18.24643       0.00000
     -18.00443       0.00000
     -17.76243       0.00000
     -17.52043       0.00000
     -17.27843       0.00000
     -17.03543       0.00000
     -16.79343       0.00000
     -16.55143       0.00000
     -16.30943       0.00000
     -16.06743       0.00000
     -15.82543       0.00000
     -15.58243       0.00000
     -15.34043       0.00000
     -15.09843       0.00000
     -14.85643       0.00000
     -14.61443       0.00000
     -14.37243       0.00000
     -14.12943       0.00000
     -13.88743       0.00000
     -13.64543       0.00000
     -13.40343       0.00000
     -13.16143       0.00000
     -12.91843       0.00000
     -12.67643       0.00000
     -12.43443       0.00000
     -12.19243       0.00000
     -11.95043       0.00000
     -11.70843       0.00000
     -11.46543       0.00000
     -11.22343       0.00000
     -10.98143       0.00000
     -10.73943       0.00000
     -10.49743       0.00000
     -10.25543       0.00000
     -10.01243       0.00000
      -9.77043       0.00000
      -9.52843       0.00000
      -9.28643       0.00000
      -9.04443       0.00000
      -8.80143       0.00000
      -8.55943       0.00000
      -8.31743       0.00000
      -8.07543       0.00000
      -7.83343       0.00000
      -7.59143       0.00000
      -7.34843       0.00000
      -7.10643       0.00000
      -6.86443      -0.00000
      -6.62243      -0.00000
      -6.38043      -0.00000
      -6.13743      -0.00039
      -5.89543       0.09297
      -5.65343       1.15100
      -5.41143       2.01300
      -5.16943       2.27400
      -4.92743       3.16200
      -4.68443       3.95700
      -4.44243       4.42600
      -4.20043       4.99300
      -3.95843       5.59800
      -3.71643       7.60500
      -3.47443       8.61800
      -3.23143      13.02000
      -2.98943      25.47000
      -2.74743      32.21000
      -2.50543      37.11000
      -2.26343      40.33000
      -2.02043      46.34000
      -1.77843      45.26000
      -1.53643      33.92000
      -1.29443      33.87000
      -1.05243      52.54000
      -0.81043      61.06000
      -0.56743      63.58000
      -0.32543      62.58000
      -0.08343      59.04000
       0.15857      54.00000
       0.40057      54.30000
       0.64257      49.18000
       0.88557      34.28000
       1.12757      24.23000
       1.36957      30.98000
       1.61157      40.71000
       1.85357      45.96000
       2.09657      51.32000
       2.33857       5.40000
       2.58057      -0.03053
       2.82257      -0.00000
       3.06457       0.00000
       3.30657       0.00000
       3.54957       0.00000
       3.79157       0.00000
       4.03357       0.00000
       4.27557       0.00000
       4.51757       0.00000
       4.75957       0.00000
       5.00257       0.00000
       5.24457       0.00000
       5.48657       0.00000
