      #Energy        TDOS
     -67.23337       0.00000
     -66.98937       0.00000
     -66.74637       0.00000
     -66.50337       0.00000
     -66.26037       0.00000
     -66.01737       0.00000
     -65.77437       0.00000
     -65.53137       0.00000
     -65.28837       0.00000
     -65.04437       0.00000
     -64.80137      -0.00000
     -64.55837      -0.00000
     -64.31537      -0.00000
     -64.07237      -0.22600
     -63.82937      15.06000
     -63.58637      46.96000
     -63.34337      29.08000
     -63.09937      -0.39130
     -62.85637      -0.00000
     -62.61337       0.00000
     -62.37037       0.00000
     -62.12737       0.00000
     -61.88437       0.00000
     -61.64137       0.00000
     -61.39837       0.00000
     -61.15437       0.00000
     -60.91137       0.00000
     -60.66837       0.00000
     -60.42537       0.00000
     -60.18237       0.00000
     -59.93937       0.00000
     -59.69637       0.00000
     -59.45337       0.00000
     -59.20937       0.00000
     -58.96637       0.00000
     -58.72337       0.00000
     -58.48037       0.00000
     -58.23737       0.00000
     -57.99437       0.00000
     -57.75137       0.00000
     -57.50837       0.00000
     -57.26437       0.00000
     -57.02137       0.00000
     -56.77837       0.00000
     -56.53537       0.00000
     -56.29237       0.00000
     -56.04937       0.00000
     -55.80637       0.00000
     -55.56337       0.00000
     -55.31937       0.00000
     -55.07637       0.00000
     -54.83337       0.00000
     -54.59037       0.00000
     -54.34737       0.00000
     -54.10437       0.00000
     -53.86137       0.00000
     -53.61837       0.00000
     -53.37437       0.00000
     -53.13137       0.00000
     -52.88837       0.00000
     -52.64537       0.00000
     -52.40237       0.00000
     -52.15937       0.00000
     -51.91637       0.00000
     -51.67237       0.00000
     -51.42937       0.00000
     -51.18637       0.00000
     -50.94337       0.00000
     -50.70037       0.00000
     -50.45737       0.00000
     -50.21437       0.00000
     -49.97137       0.00000
     -49.72737       0.00000
     -49.48437       0.00000
     -49.24137       0.00000
     -48.99837       0.00000
     -48.75537       0.00000
     -48.51237       0.00000
     -48.26937       0.00000
     -48.02637       0.00000
     -47.78237       0.00000
     -47.53937       0.00000
     -47.29637       0.00000
     -47.05337       0.00000
     -46.81037       0.00000
     -46.56737       0.00000
     -46.32437       0.00000
     -46.08137       0.00000
     -45.83737       0.00000
     -45.59437       0.00000
     -45.35137       0.00000
     -45.10837       0.00000
     -44.86537       0.00000
     -44.62237       0.00000
     -44.37937       0.00000
     -44.13637       0.00000
     -43.89237       0.00000
     -43.64937      -0.00000
     -43.40637      -0.00000
     -43.16337      -0.00000
     -42.92037      -0.00042
     -42.67737      -0.59030
     -42.43437      74.62000
     -42.19137      24.76000
     -41.94737      -0.08057
     -41.70437      -0.00000
     -41.46137       0.00000
     -41.21837       0.00000
     -40.97537       0.00000
     -40.73237       0.00000
     -40.48937       0.00000
     -40.24637       0.00000
     -40.00237       0.00000
     -39.75937       0.00000
     -39.51637       0.00000
     -39.27337       0.00000
     -39.03037       0.00000
     -38.78737      -0.00000
     -38.54437      -0.00000
     -38.30137      -0.00000
     -38.05737      -0.11070
     -37.81437      22.23000
     -37.57137      96.53000
     -37.32837     127.70000
     -37.08537      25.51000
     -36.84237      -0.37760
     -36.59937      -0.00006
     -36.35637       0.00000
     -36.11237       0.00000
     -35.86937       0.00000
     -35.62637       0.00000
     -35.38337       0.00000
     -35.14037      -0.00000
     -34.89737      -0.00000
     -34.65437      -0.00000
     -34.41137      -0.06128
     -34.16737       6.74300
     -33.92437      79.49000
     -33.68137     130.40000
     -33.43837     102.50000
     -33.19537      26.60000
     -32.95237      -0.21390
     -32.70937      -0.00014
     -32.46637       0.00000
     -32.22237       0.00000
     -31.97937       0.00000
     -31.73637       0.00000
     -31.49337       0.00000
     -31.25037       0.00000
     -31.00737      -0.00000
     -30.76437      -0.00000
     -30.52137      -0.00005
     -30.27737      -0.42680
     -30.03437      21.42000
     -29.79137      73.63000
     -29.54837      75.13000
     -29.30537       3.00000
     -29.06237      -0.00933
     -28.81937      -0.00000
     -28.57637       0.00000
     -28.33237       0.00000
     -28.08937       0.00000
     -27.84637       0.00000
     -27.60337       0.00000
     -27.36037       0.00000
     -27.11737       0.00000
     -26.87437       0.00000
     -26.63137       0.00000
     -26.38737       0.00000
     -26.14437       0.00000
     -25.90137       0.00000
     -25.65837       0.00000
     -25.41537       0.00000
     -25.17237       0.00000
     -24.92937       0.00000
     -24.68537       0.00000
     -24.44237       0.00000
     -24.19937       0.00000
     -23.95637       0.00000
     -23.71337       0.00000
     -23.47037       0.00000
     -23.22737       0.00000
     -22.98437       0.00000
     -22.74037       0.00000
     -22.49737       0.00000
     -22.25437       0.00000
     -22.01137       0.00000
     -21.76837       0.00000
     -21.52537       0.00000
     -21.28237       0.00000
     -21.03937       0.00000
     -20.79537       0.00000
     -20.55237       0.00000
     -20.30937       0.00000
     -20.06637       0.00000
     -19.82337       0.00000
     -19.58037       0.00000
     -19.33737       0.00000
     -19.09437       0.00000
     -18.85037       0.00000
     -18.60737       0.00000
     -18.36437       0.00000
     -18.12137       0.00000
     -17.87837       0.00000
     -17.63537       0.00000
     -17.39237       0.00000
     -17.14937       0.00000
     -16.90537       0.00000
     -16.66237       0.00000
     -16.41937       0.00000
     -16.17637       0.00000
     -15.93337       0.00000
     -15.69037       0.00000
     -15.44737       0.00000
     -15.20437       0.00000
     -14.96037       0.00000
     -14.71737       0.00000
     -14.47437       0.00000
     -14.23137       0.00000
     -13.98837       0.00000
     -13.74537       0.00000
     -13.50237       0.00000
     -13.25937       0.00000
     -13.01537       0.00000
     -12.77237       0.00000
     -12.52937       0.00000
     -12.28637       0.00000
     -12.04337       0.00000
     -11.80037       0.00000
     -11.55737       0.00000
     -11.31437       0.00000
     -11.07037       0.00000
     -10.82737       0.00000
     -10.58437       0.00000
     -10.34137       0.00000
     -10.09837       0.00000
      -9.85537       0.00000
      -9.61237       0.00000
      -9.36937       0.00000
      -9.12537       0.00000
      -8.88237       0.00000
      -8.63937       0.00000
      -8.39637      -0.00000
      -8.15337      -0.00000
      -7.91037      -0.00000
      -7.66737      -0.00003
      -7.42437       0.01825
      -7.18037       0.80180
      -6.93737       1.48200
      -6.69437       2.03000
      -6.45137       2.43700
      -6.20837       2.59800
      -5.96537       3.65200
      -5.72237       3.60700
      -5.47937       4.25800
      -5.23537       4.75100
      -4.99237       5.57500
      -4.74937       5.86200
      -4.50637       6.68900
      -4.26337       9.14200
      -4.02037      10.92000
      -3.77737      18.66000
      -3.53437      22.59000
      -3.29037      21.61000
      -3.04737      28.05000
      -2.80437      34.02000
      -2.56137      38.53000
      -2.31837      38.94000
      -2.07537      33.42000
      -1.83237      23.21000
      -1.58937      25.82000
      -1.34537      44.71000
      -1.10237      57.72000
      -0.85937      65.51000
      -0.61637      62.81000
      -0.37337      62.39000
      -0.13037      58.40000
       0.11263      50.83000
       0.35663      44.86000
       0.59963      32.82000
       0.84263      21.57000
       1.08563      18.49000
       1.32863      26.45000
       1.57163      40.07000
       1.81463      49.21000
       2.05763      56.99000
       2.30163      49.41000
       2.54463       3.19700
       2.78763      -0.01646
       3.03063      -0.00000
       3.27363       0.00000
       3.51663       0.00000
       3.75963       0.00000
       4.00263       0.00000
       4.24663       0.00000
       4.48963       0.00000
       4.73263       0.00000
       4.97563       0.00000
       5.21863       0.00000
       5.46163       0.00000
       5.70463       0.00000
