      #Energy        TDOS
     -77.33689       0.00000
     -77.05689       0.00000
     -76.77689       0.00000
     -76.49789       0.00000
     -76.21789       0.00000
     -75.93789       0.00000
     -75.65789       0.00000
     -75.37789       0.00000
     -75.09789       0.00000
     -74.81789       0.00000
     -74.53789      -0.00000
     -74.25789      -0.00000
     -73.97789      -0.00000
     -73.69789      -0.21240
     -73.41789      30.84000
     -73.13789      34.01000
     -72.85889      -0.33510
     -72.57889      -0.00000
     -72.29889       0.00000
     -72.01889       0.00000
     -71.73889       0.00000
     -71.45889       0.00000
     -71.17889       0.00000
     -70.89889       0.00000
     -70.61889       0.00000
     -70.33889       0.00000
     -70.05889       0.00000
     -69.77889       0.00000
     -69.49889       0.00000
     -69.21889       0.00000
     -68.93989       0.00000
     -68.65989       0.00000
     -68.37989       0.00000
     -68.09989       0.00000
     -67.81989       0.00000
     -67.53989       0.00000
     -67.25989       0.00000
     -66.97989       0.00000
     -66.69989       0.00000
     -66.41989       0.00000
     -66.13989       0.00000
     -65.85989       0.00000
     -65.57989       0.00000
     -65.29989       0.00000
     -65.02089       0.00000
     -64.74089       0.00000
     -64.46089       0.00000
     -64.18089       0.00000
     -63.90089       0.00000
     -63.62089       0.00000
     -63.34089       0.00000
     -63.06089       0.00000
     -62.78089       0.00000
     -62.50089       0.00000
     -62.22089       0.00000
     -61.94089       0.00000
     -61.66089       0.00000
     -61.38189      -0.00000
     -61.10189      -0.00000
     -60.82189      -0.00364
     -60.54189       6.72400
     -60.26189      50.79000
     -59.98189       6.79500
     -59.70189      -0.00244
     -59.42189       0.00000
     -59.14189       0.00000
     -58.86189       0.00000
     -58.58189       0.00000
     -58.30189       0.00000
     -58.02189       0.00000
     -57.74189       0.00000
     -57.46289       0.00000
     -57.18289      -0.00000
     -56.90289      -0.00000
     -56.62289      -0.00075
     -56.34289       1.81800
     -56.06289      54.39000
     -55.78289       8.10500
     -55.50289      -0.00794
     -55.22289       0.00000
     -54.94289       0.00000
     -54.66289       0.00000
     -54.38289       0.00000
     -54.10289       0.00000
     -53.82389       0.00000
     -53.54389       0.00000
     -53.26389       0.00000
     -52.98389       0.00000
     -52.70389       0.00000
     -52.42389       0.00000
     -52.14389       0.00000
     -51.86389       0.00000
     -51.58389       0.00000
     -51.30389       0.00000
     -51.02389       0.00000
     -50.74389       0.00000
     -50.46389       0.00000
     -50.18389       0.00000
     -49.90489       0.00000
     -49.62489       0.00000
     -49.34489       0.00000
     -49.06489       0.00000
     -48.78489       0.00000
     -48.50489       0.00000
     -48.22489       0.00000
     -47.94489       0.00000
     -47.66489       0.00000
     -47.38489       0.00000
     -47.10489       0.00000
     -46.82489       0.00000
     -46.54489       0.00000
     -46.26489       0.00000
     -45.98589       0.00000
     -45.70589       0.00000
     -45.42589       0.00000
     -45.14589       0.00000
     -44.86589       0.00000
     -44.58589       0.00000
     -44.30589       0.00000
     -44.02589      -0.00000
     -43.74589      -0.00000
     -43.46589      -0.00000
     -43.18589      -0.03732
     -42.90589      22.36000
     -42.62589     154.80000
     -42.34689      15.82000
     -42.06689      -0.01555
     -41.78689       0.00000
     -41.50689       0.00000
     -41.22689       0.00000
     -40.94689       0.00000
     -40.66689       0.00000
     -40.38689       0.00000
     -40.10689       0.00000
     -39.82689       0.00000
     -39.54689       0.00000
     -39.26689       0.00000
     -38.98689      -0.00000
     -38.70689      -0.00000
     -38.42789      -0.00011
     -38.14789       0.43860
     -37.86789      40.56000
     -37.58789      77.40000
     -37.30789      69.36000
     -37.02789       5.14900
     -36.74789      -0.00356
     -36.46789       0.00000
     -36.18789       0.00000
     -35.90789      -0.00000
     -35.62789      -0.00000
     -35.34789      -0.00424
     -35.06789       3.39900
     -34.78889      25.15000
     -34.50889      80.23000
     -34.22889      66.47000
     -33.94889      17.83000
     -33.66889      -0.17170
     -33.38889      -0.00000
     -33.10889      -0.00004
     -32.82889       0.11210
     -32.54889      41.27000
     -32.26889     127.40000
     -31.98889      24.22000
     -31.70889      -0.13060
     -31.42889      -0.00000
     -31.14889       0.00000
     -30.86989       0.00000
     -30.58989       0.00000
     -30.30989       0.00000
     -30.02989       0.00000
     -29.74989       0.00000
     -29.46989       0.00000
     -29.18989       0.00000
     -28.90989       0.00000
     -28.62989       0.00000
     -28.34989       0.00000
     -28.06989       0.00000
     -27.78989       0.00000
     -27.50989       0.00000
     -27.23089       0.00000
     -26.95089       0.00000
     -26.67089       0.00000
     -26.39089       0.00000
     -26.11089       0.00000
     -25.83089       0.00000
     -25.55089       0.00000
     -25.27089       0.00000
     -24.99089       0.00000
     -24.71089       0.00000
     -24.43089       0.00000
     -24.15089       0.00000
     -23.87089       0.00000
     -23.59089       0.00000
     -23.31189       0.00000
     -23.03189       0.00000
     -22.75189       0.00000
     -22.47189       0.00000
     -22.19189       0.00000
     -21.91189       0.00000
     -21.63189       0.00000
     -21.35189       0.00000
     -21.07189       0.00000
     -20.79189       0.00000
     -20.51189       0.00000
     -20.23189       0.00000
     -19.95189       0.00000
     -19.67189       0.00000
     -19.39289       0.00000
     -19.11289       0.00000
     -18.83289       0.00000
     -18.55289       0.00000
     -18.27289       0.00000
     -17.99289       0.00000
     -17.71289       0.00000
     -17.43289       0.00000
     -17.15289       0.00000
     -16.87289       0.00000
     -16.59289       0.00000
     -16.31289       0.00000
     -16.03289       0.00000
     -15.75389       0.00000
     -15.47389       0.00000
     -15.19389       0.00000
     -14.91389       0.00000
     -14.63389       0.00000
     -14.35389       0.00000
     -14.07389       0.00000
     -13.79389       0.00000
     -13.51389       0.00000
     -13.23389       0.00000
     -12.95389       0.00000
     -12.67389       0.00000
     -12.39389       0.00000
     -12.11389       0.00000
     -11.83489       0.00000
     -11.55489       0.00000
     -11.27489       0.00000
     -10.99489       0.00000
     -10.71489       0.00000
     -10.43489       0.00000
     -10.15489       0.00000
      -9.87489       0.00000
      -9.59489       0.00000
      -9.31489       0.00000
      -9.03489       0.00000
      -8.75489       0.00000
      -8.47489       0.00000
      -8.19589      -0.00000
      -7.91589      -0.00000
      -7.63589      -0.00032
      -7.35589       0.15020
      -7.07589       1.32100
      -6.79589       2.09600
      -6.51589       1.89200
      -6.23589       3.02700
      -5.95589       3.19500
      -5.67589       4.20800
      -5.39589       4.89800
      -5.11589       4.39100
      -4.83589       6.82500
      -4.55589       9.20900
      -4.27689      17.92000
      -3.99689      26.18000
      -3.71689      31.48000
      -3.43689      36.43000
      -3.15689      38.96000
      -2.87689      39.80000
      -2.59689      33.56000
      -2.31689      33.25000
      -2.03689      44.45000
      -1.75689      49.54000
      -1.47689      53.60000
      -1.19689      49.30000
      -0.91689      54.91000
      -0.63689      57.59000
      -0.35789      50.47000
      -0.07789      39.87000
       0.20211      26.93000
       0.48211      21.74000
       0.76211      22.03000
       1.04211      31.37000
       1.32211      49.47000
       1.60211      56.55000
       1.88211      51.94000
       2.16211      44.94000
       2.44211      40.06000
       2.72211      42.16000
       3.00211       7.45400
       3.28111      -0.01698
       3.56111      -0.00000
       3.84111       0.00000
       4.12111       0.00000
       4.40111       0.00000
       4.68111       0.00000
       4.96111       0.00000
       5.24111       0.00000
       5.52111       0.00000
       5.80111       0.00000
       6.08111       0.00000
       6.36111       0.00000
       6.64111       0.00000
