      #Energy        TDOS
     -77.80771       0.00000
     -77.52571       0.00000
     -77.24271       0.00000
     -76.95971       0.00000
     -76.67771       0.00000
     -76.39471       0.00000
     -76.11171       0.00000
     -75.82971       0.00000
     -75.54671       0.00000
     -75.26371       0.00000
     -74.98171      -0.00000
     -74.69871      -0.00000
     -74.41571      -0.00000
     -74.13371      -0.13880
     -73.85071      22.76000
     -73.56771      39.01000
     -73.28571       2.04100
     -73.00271      -0.00077
     -72.71971       0.00000
     -72.43771       0.00000
     -72.15471       0.00000
     -71.87171       0.00000
     -71.58971       0.00000
     -71.30671       0.00000
     -71.02371       0.00000
     -70.74171       0.00000
     -70.45871       0.00000
     -70.17571       0.00000
     -69.89371       0.00000
     -69.61071       0.00000
     -69.32771       0.00000
     -69.04571       0.00000
     -68.76271       0.00000
     -68.47971       0.00000
     -68.19671       0.00000
     -67.91471       0.00000
     -67.63171       0.00000
     -67.34871       0.00000
     -67.06671       0.00000
     -66.78371       0.00000
     -66.50071       0.00000
     -66.21871       0.00000
     -65.93571       0.00000
     -65.65271       0.00000
     -65.37071       0.00000
     -65.08771       0.00000
     -64.80471       0.00000
     -64.52271       0.00000
     -64.23971       0.00000
     -63.95671       0.00000
     -63.67471       0.00000
     -63.39171       0.00000
     -63.10871       0.00000
     -62.82671       0.00000
     -62.54371       0.00000
     -62.26071       0.00000
     -61.97871       0.00000
     -61.69571      -0.00000
     -61.41271      -0.00000
     -61.13071      -0.00124
     -60.84771       3.57800
     -60.56471      47.82000
     -60.28271      12.48000
     -59.99971      -0.19120
     -59.71671      -0.00000
     -59.43471       0.00000
     -59.15171       0.00000
     -58.86871       0.00000
     -58.58671       0.00000
     -58.30371       0.00000
     -58.02071       0.00000
     -57.73871       0.00000
     -57.45571       0.00000
     -57.17271       0.00000
     -56.89071       0.00000
     -56.60771       0.00000
     -56.32471       0.00000
     -56.04271       0.00000
     -55.75971       0.00000
     -55.47671       0.00000
     -55.19471       0.00000
     -54.91171       0.00000
     -54.62871       0.00000
     -54.34671       0.00000
     -54.06371       0.00000
     -53.78071       0.00000
     -53.49771       0.00000
     -53.21571       0.00000
     -52.93271       0.00000
     -52.64971       0.00000
     -52.36771       0.00000
     -52.08471       0.00000
     -51.80171       0.00000
     -51.51971       0.00000
     -51.23671       0.00000
     -50.95371       0.00000
     -50.67171       0.00000
     -50.38871       0.00000
     -50.10571       0.00000
     -49.82371       0.00000
     -49.54071       0.00000
     -49.25771       0.00000
     -48.97571       0.00000
     -48.69271       0.00000
     -48.40971       0.00000
     -48.12771       0.00000
     -47.84471       0.00000
     -47.56171       0.00000
     -47.27971       0.00000
     -46.99671       0.00000
     -46.71371       0.00000
     -46.43171       0.00000
     -46.14871       0.00000
     -45.86571       0.00000
     -45.58371       0.00000
     -45.30071       0.00000
     -45.01771       0.00000
     -44.73571       0.00000
     -44.45271       0.00000
     -44.16971       0.00000
     -43.88771      -0.00000
     -43.60471      -0.00000
     -43.32171      -0.01588
     -43.03971      27.06000
     -42.75671     161.90000
     -42.47371       2.04400
     -42.19171      -0.00055
     -41.90871       0.00000
     -41.62571       0.00000
     -41.34371       0.00000
     -41.06071       0.00000
     -40.77771       0.00000
     -40.49571       0.00000
     -40.21271       0.00000
     -39.92971       0.00000
     -39.64671       0.00000
     -39.36471      -0.00000
     -39.08171      -0.00000
     -38.79871      -0.00000
     -38.51671      -0.30070
     -38.23371      33.98000
     -37.95071      90.04000
     -37.66871      60.78000
     -37.38571       6.54400
     -37.10271      -0.00723
     -36.82071       0.00000
     -36.53771       0.00000
     -36.25471      -0.00000
     -35.97271      -0.00000
     -35.68971      -0.00000
     -35.40671      -0.40220
     -35.12471      22.18000
     -34.84171      78.59000
     -34.55871      72.31000
     -34.27671      17.87000
     -33.99371      45.40000
     -33.71071     107.00000
     -33.42871      39.62000
     -33.14571      -0.47520
     -32.86271      -0.00000
     -32.58071       0.00000
     -32.29771       0.00000
     -32.01471       0.00000
     -31.73271       0.00000
     -31.44971       0.00000
     -31.16671       0.00000
     -30.88471       0.00000
     -30.60171       0.00000
     -30.31871       0.00000
     -30.03671       0.00000
     -29.75371       0.00000
     -29.47071       0.00000
     -29.18871       0.00000
     -28.90571       0.00000
     -28.62271       0.00000
     -28.34071       0.00000
     -28.05771       0.00000
     -27.77471       0.00000
     -27.49271       0.00000
     -27.20971       0.00000
     -26.92671       0.00000
     -26.64471       0.00000
     -26.36171       0.00000
     -26.07871       0.00000
     -25.79671       0.00000
     -25.51371       0.00000
     -25.23071       0.00000
     -24.94771       0.00000
     -24.66571       0.00000
     -24.38271       0.00000
     -24.09971       0.00000
     -23.81771       0.00000
     -23.53471       0.00000
     -23.25171       0.00000
     -22.96971       0.00000
     -22.68671       0.00000
     -22.40371       0.00000
     -22.12171       0.00000
     -21.83871       0.00000
     -21.55571       0.00000
     -21.27371       0.00000
     -20.99071       0.00000
     -20.70771       0.00000
     -20.42571       0.00000
     -20.14271       0.00000
     -19.85971       0.00000
     -19.57771       0.00000
     -19.29471       0.00000
     -19.01171       0.00000
     -18.72971       0.00000
     -18.44671       0.00000
     -18.16371       0.00000
     -17.88171       0.00000
     -17.59871       0.00000
     -17.31571       0.00000
     -17.03371       0.00000
     -16.75071       0.00000
     -16.46771       0.00000
     -16.18571       0.00000
     -15.90271       0.00000
     -15.61971       0.00000
     -15.33771       0.00000
     -15.05471       0.00000
     -14.77171       0.00000
     -14.48971       0.00000
     -14.20671       0.00000
     -13.92371       0.00000
     -13.64171       0.00000
     -13.35871       0.00000
     -13.07571       0.00000
     -12.79371       0.00000
     -12.51071       0.00000
     -12.22771       0.00000
     -11.94571       0.00000
     -11.66271       0.00000
     -11.37971       0.00000
     -11.09771       0.00000
     -10.81471       0.00000
     -10.53171       0.00000
     -10.24871       0.00000
      -9.96671       0.00000
      -9.68371       0.00000
      -9.40071       0.00000
      -9.11871      -0.00000
      -8.83571      -0.00000
      -8.55271      -0.00000
      -8.27071      -0.00172
      -7.98771       0.24580
      -7.70471       1.23900
      -7.42271       1.86600
      -7.13971       2.09700
      -6.85671       2.60800
      -6.57471       3.41800
      -6.29171       4.26400
      -6.00871       5.04800
      -5.72671       4.70800
      -5.44371       6.35100
      -5.16071       9.05000
      -4.87871      17.99000
      -4.59571      23.00000
      -4.31271      28.60000
      -4.03071      32.25000
      -3.74771      35.33000
      -3.46471      39.52000
      -3.18271      35.12000
      -2.89971      26.61000
      -2.61671      34.65000
      -2.33471      50.07000
      -2.05171      53.58000
      -1.76871      48.46000
      -1.48671      50.81000
      -1.20371      58.93000
      -0.92071      61.68000
      -0.63871      46.22000
      -0.35571      27.31000
      -0.07271      16.92000
       0.20929      18.66000
       0.49229      20.27000
       0.77529      30.33000
       1.05729      46.56000
       1.34029      57.85000
       1.62329      56.63000
       1.90529      44.18000
       2.18829      36.33000
       2.47129      33.93000
       2.75329      37.34000
       3.03629      34.31000
       3.31929       1.86600
       3.60229      -0.00479
       3.88429      -0.00000
       4.16729       0.00000
       4.45029       0.00000
       4.73229       0.00000
       5.01529       0.00000
       5.29829       0.00000
       5.58029       0.00000
       5.86329       0.00000
       6.14629       0.00000
       6.42829       0.00000
       6.71129       0.00000
       6.99429       0.00000
