      #Energy        TDOS
     -63.43115       0.00000
     -63.20215       0.00000
     -62.97315       0.00000
     -62.74415       0.00000
     -62.51515       0.00000
     -62.28515       0.00000
     -62.05615       0.00000
     -61.82715       0.00000
     -61.59815       0.00000
     -61.36915       0.00000
     -61.14015      -0.00000
     -60.91015      -0.00000
     -60.68115      -0.00001
     -60.45215      -0.56450
     -60.22315      24.77000
     -59.99415      11.00000
     -59.76515      -0.29390
     -59.53615      -0.00007
     -59.30615      -0.00000
     -59.07715       0.00000
     -58.84815       0.00000
     -58.61915       0.00000
     -58.39015       0.00000
     -58.16115       0.00000
     -57.93115       0.00000
     -57.70215       0.00000
     -57.47315      -0.00000
     -57.24415      -0.00000
     -57.01515      -0.00000
     -56.78615      -0.00380
     -56.55615      -0.20790
     -56.32715      92.72000
     -56.09815      38.85000
     -55.86915      -0.45000
     -55.64015      -0.00000
     -55.41115       0.00000
     -55.18115      -0.00000
     -54.95215      -0.00000
     -54.72315      -0.00000
     -54.49415      -0.00020
     -54.26515      -0.38870
     -54.03615      23.74000
     -53.80615       2.84000
     -53.57715      -0.00858
     -53.34815      -0.00000
     -53.11915       0.00000
     -52.89015       0.00000
     -52.66115       0.00000
     -52.43115       0.00000
     -52.20215       0.00000
     -51.97315       0.00000
     -51.74415       0.00000
     -51.51515       0.00000
     -51.28615       0.00000
     -51.05715       0.00000
     -50.82715       0.00000
     -50.59815       0.00000
     -50.36915       0.00000
     -50.14015       0.00000
     -49.91115       0.00000
     -49.68215       0.00000
     -49.45215       0.00000
     -49.22315       0.00000
     -48.99415      -0.00000
     -48.76515      -0.00000
     -48.53615      -0.00000
     -48.30715      -0.00452
     -48.07715       1.16300
     -47.84815      25.56000
     -47.61915      -0.53340
     -47.39015      -0.00028
     -47.16115      -0.00000
     -46.93215       0.00000
     -46.70215       0.00000
     -46.47315       0.00000
     -46.24415       0.00000
     -46.01515       0.00000
     -45.78615       0.00000
     -45.55715       0.00000
     -45.32715       0.00000
     -45.09815       0.00000
     -44.86915       0.00000
     -44.64015       0.00000
     -44.41115       0.00000
     -44.18215       0.00000
     -43.95315      -0.00000
     -43.72315      -0.00000
     -43.49415      -0.00000
     -43.26515      -0.04089
     -43.03615       4.66700
     -42.80715      42.99000
     -42.57815     124.90000
     -42.34815     113.60000
     -42.11915       1.90700
     -41.89015      -0.01217
     -41.66115      -0.00000
     -41.43215       0.00000
     -41.20315       0.00000
     -40.97315       0.00000
     -40.74415       0.00000
     -40.51515       0.00000
     -40.28615       0.00000
     -40.05715       0.00000
     -39.82815       0.00000
     -39.59815       0.00000
     -39.36915       0.00000
     -39.14015       0.00000
     -38.91115       0.00000
     -38.68215       0.00000
     -38.45315       0.00000
     -38.22315       0.00000
     -37.99415       0.00000
     -37.76515       0.00000
     -37.53615       0.00000
     -37.30715       0.00000
     -37.07815       0.00000
     -36.84815       0.00000
     -36.61915       0.00000
     -36.39015       0.00000
     -36.16115       0.00000
     -35.93215       0.00000
     -35.70315       0.00000
     -35.47415      -0.00000
     -35.24415      -0.00000
     -35.01515      -0.00000
     -34.78615      -0.01603
     -34.55715       2.45100
     -34.32815      86.22000
     -34.09915      16.31000
     -33.86915      -0.23910
     -33.64015      -0.00000
     -33.41115      -0.00000
     -33.18215      -0.02139
     -32.95315       5.33100
     -32.72415     103.50000
     -32.49415     226.00000
     -32.26515      58.57000
     -32.03615      -0.73010
     -31.80715      -0.00011
     -31.57815      -0.00000
     -31.34915      -0.00000
     -31.11915      -0.00000
     -30.89015      -0.00404
     -30.66115       1.62400
     -30.43215       6.69200
     -30.20315      36.29000
     -29.97415      25.16000
     -29.74415       9.06000
     -29.51515      -0.27430
     -29.28615      -0.00009
     -29.05715      -0.00000
     -28.82815       0.00000
     -28.59915       0.00000
     -28.36915       0.00000
     -28.14015       0.00000
     -27.91115       0.00000
     -27.68215       0.00000
     -27.45315       0.00000
     -27.22415      -0.00000
     -26.99515      -0.00000
     -26.76515      -0.00000
     -26.53615      -0.00016
     -26.30715      -0.81200
     -26.07815      53.59000
     -25.84915      25.96000
     -25.62015      -0.18880
     -25.39015      -0.00000
     -25.16115       0.00000
     -24.93215       0.00000
     -24.70315       0.00000
     -24.47415       0.00000
     -24.24515       0.00000
     -24.01515       0.00000
     -23.78615       0.00000
     -23.55715       0.00000
     -23.32815       0.00000
     -23.09915       0.00000
     -22.87015       0.00000
     -22.64015       0.00000
     -22.41115       0.00000
     -22.18215       0.00000
     -21.95315       0.00000
     -21.72415       0.00000
     -21.49515       0.00000
     -21.26515       0.00000
     -21.03615       0.00000
     -20.80715       0.00000
     -20.57815       0.00000
     -20.34915       0.00000
     -20.12015       0.00000
     -19.89115       0.00000
     -19.66115       0.00000
     -19.43215       0.00000
     -19.20315       0.00000
     -18.97415       0.00000
     -18.74515       0.00000
     -18.51615       0.00000
     -18.28615       0.00000
     -18.05715       0.00000
     -17.82815       0.00000
     -17.59915       0.00000
     -17.37015       0.00000
     -17.14115       0.00000
     -16.91115       0.00000
     -16.68215       0.00000
     -16.45315       0.00000
     -16.22415       0.00000
     -15.99515       0.00000
     -15.76615       0.00000
     -15.53615       0.00000
     -15.30715       0.00000
     -15.07815       0.00000
     -14.84915       0.00000
     -14.62015       0.00000
     -14.39115       0.00000
     -14.16115       0.00000
     -13.93215       0.00000
     -13.70315       0.00000
     -13.47415       0.00000
     -13.24515       0.00000
     -13.01615       0.00000
     -12.78615       0.00000
     -12.55715       0.00000
     -12.32815       0.00000
     -12.09915       0.00000
     -11.87015       0.00000
     -11.64115       0.00000
     -11.41215       0.00000
     -11.18215       0.00000
     -10.95315       0.00000
     -10.72415       0.00000
     -10.49515       0.00000
     -10.26615       0.00000
     -10.03715       0.00000
      -9.80715       0.00000
      -9.57815       0.00000
      -9.34915       0.00000
      -9.12015       0.00000
      -8.89115       0.00000
      -8.66215       0.00000
      -8.43215       0.00000
      -8.20315       0.00000
      -7.97415       0.00000
      -7.74515       0.00000
      -7.51615       0.00000
      -7.28715      -0.00000
      -7.05715      -0.00000
      -6.82815      -0.00000
      -6.59915      -0.00015
      -6.37015       0.03880
      -6.14115       0.94750
      -5.91215       1.72700
      -5.68215       2.18900
      -5.45315       2.96900
      -5.22415       3.00300
      -4.99515       3.39000
      -4.76615       4.85600
      -4.53715       4.52000
      -4.30715       5.29300
      -4.07815       7.01900
      -3.84915       7.85900
      -3.62015       9.98600
      -3.39115      19.52000
      -3.16215      31.37000
      -2.93315      36.13000
      -2.70315      36.14000
      -2.47415      42.95000
      -2.24515      43.90000
      -2.01615      40.33000
      -1.78715      33.13000
      -1.55815      50.34000
      -1.32815      58.29000
      -1.09915      58.39000
      -0.87015      55.11000
      -0.64115      58.27000
      -0.41215      58.35000
      -0.18315      54.96000
       0.04685      51.28000
       0.27585      46.38000
       0.50485      40.05000
       0.73385      29.17000
       0.96285      30.74000
       1.19185      45.36000
       1.42185      53.46000
       1.65085      58.62000
       1.87985      56.37000
       2.10885      47.68000
       2.33785       5.61100
       2.56685      -0.04813
       2.79685      -0.00000
       3.02585       0.00000
       3.25485       0.00000
       3.48385       0.00000
       3.71285       0.00000
       3.94185       0.00000
       4.17085       0.00000
       4.40085       0.00000
       4.62985       0.00000
       4.85885       0.00000
       5.08785       0.00000
       5.31685       0.00000
