      #Energy        TDOS
     -77.25172       0.00000
     -76.96972       0.00000
     -76.68772       0.00000
     -76.40672       0.00000
     -76.12472       0.00000
     -75.84272       0.00000
     -75.56072       0.00000
     -75.27872       0.00000
     -74.99672       0.00000
     -74.71472       0.00000
     -74.43272      -0.00000
     -74.15172      -0.00000
     -73.86972      -0.00000
     -73.58772      -0.15300
     -73.30572      34.57000
     -73.02372      51.49000
     -72.74172      -0.75720
     -72.45972      -0.00000
     -72.17872       0.00000
     -71.89672       0.00000
     -71.61472       0.00000
     -71.33272       0.00000
     -71.05072       0.00000
     -70.76872       0.00000
     -70.48672       0.00000
     -70.20472       0.00000
     -69.92372       0.00000
     -69.64172       0.00000
     -69.35972       0.00000
     -69.07772       0.00000
     -68.79572       0.00000
     -68.51372       0.00000
     -68.23172       0.00000
     -67.95072       0.00000
     -67.66872       0.00000
     -67.38672       0.00000
     -67.10472       0.00000
     -66.82272       0.00000
     -66.54072       0.00000
     -66.25872       0.00000
     -65.97672       0.00000
     -65.69572       0.00000
     -65.41372       0.00000
     -65.13172       0.00000
     -64.84972      -0.00000
     -64.56772      -0.00000
     -64.28572      -0.00000
     -64.00372      -0.07404
     -63.72272      41.31000
     -63.44072      44.00000
     -63.15872      -0.09329
     -62.87672      -0.00000
     -62.59472       0.00000
     -62.31272       0.00000
     -62.03072       0.00000
     -61.74872       0.00000
     -61.46772       0.00000
     -61.18572       0.00000
     -60.90372       0.00000
     -60.62172       0.00000
     -60.33972       0.00000
     -60.05772       0.00000
     -59.77572       0.00000
     -59.49472       0.00000
     -59.21272       0.00000
     -58.93072       0.00000
     -58.64872       0.00000
     -58.36672       0.00000
     -58.08472       0.00000
     -57.80272       0.00000
     -57.52072       0.00000
     -57.23972       0.00000
     -56.95772       0.00000
     -56.67572       0.00000
     -56.39372       0.00000
     -56.11172       0.00000
     -55.82972       0.00000
     -55.54772       0.00000
     -55.26672       0.00000
     -54.98472       0.00000
     -54.70272       0.00000
     -54.42072       0.00000
     -54.13872       0.00000
     -53.85672       0.00000
     -53.57472       0.00000
     -53.29272       0.00000
     -53.01172       0.00000
     -52.72972       0.00000
     -52.44772       0.00000
     -52.16572       0.00000
     -51.88372       0.00000
     -51.60172       0.00000
     -51.31972       0.00000
     -51.03872       0.00000
     -50.75672       0.00000
     -50.47472       0.00000
     -50.19272       0.00000
     -49.91072       0.00000
     -49.62872       0.00000
     -49.34672       0.00000
     -49.06472       0.00000
     -48.78372       0.00000
     -48.50172       0.00000
     -48.21972       0.00000
     -47.93772       0.00000
     -47.65572       0.00000
     -47.37372       0.00000
     -47.09172       0.00000
     -46.81072       0.00000
     -46.52872       0.00000
     -46.24672       0.00000
     -45.96472       0.00000
     -45.68272       0.00000
     -45.40072       0.00000
     -45.11872       0.00000
     -44.83672       0.00000
     -44.55572       0.00000
     -44.27372       0.00000
     -43.99172       0.00000
     -43.70972       0.00000
     -43.42772       0.00000
     -43.14572       0.00000
     -42.86372       0.00000
     -42.58272       0.00000
     -42.30072       0.00000
     -42.01872       0.00000
     -41.73672       0.00000
     -41.45472       0.00000
     -41.17272       0.00000
     -40.89072       0.00000
     -40.60872       0.00000
     -40.32772       0.00000
     -40.04572       0.00000
     -39.76372       0.00000
     -39.48172       0.00000
     -39.19972      -0.00000
     -38.91772      -0.00000
     -38.63572      -0.00000
     -38.35472      -0.00796
     -38.07272       3.70200
     -37.79072      91.11000
     -37.50872     176.80000
     -37.22672     200.60000
     -36.94472      38.84000
     -36.66272      -0.15490
     -36.38072      -0.00000
     -36.09972       0.00000
     -35.81772       0.00000
     -35.53572       0.00000
     -35.25372       0.00000
     -34.97172      -0.00000
     -34.68972      -0.00000
     -34.40772      -0.00000
     -34.12672      -0.35150
     -33.84472      38.82000
     -33.56272      90.96000
     -33.28072      92.49000
     -32.99872      33.71000
     -32.71672      -0.18950
     -32.43472      -0.00000
     -32.15272       0.00000
     -31.87172       0.00000
     -31.58972       0.00000
     -31.30772       0.00000
     -31.02572       0.00000
     -30.74372       0.00000
     -30.46172       0.00000
     -30.17972       0.00000
     -29.89872       0.00000
     -29.61672       0.00000
     -29.33472       0.00000
     -29.05272       0.00000
     -28.77072       0.00000
     -28.48872       0.00000
     -28.20672       0.00000
     -27.92472       0.00000
     -27.64372       0.00000
     -27.36172       0.00000
     -27.07972       0.00000
     -26.79772       0.00000
     -26.51572       0.00000
     -26.23372       0.00000
     -25.95172       0.00000
     -25.67072       0.00000
     -25.38872       0.00000
     -25.10672       0.00000
     -24.82472       0.00000
     -24.54272       0.00000
     -24.26072       0.00000
     -23.97872       0.00000
     -23.69672       0.00000
     -23.41572       0.00000
     -23.13372       0.00000
     -22.85172       0.00000
     -22.56972       0.00000
     -22.28772       0.00000
     -22.00572       0.00000
     -21.72372       0.00000
     -21.44272       0.00000
     -21.16072       0.00000
     -20.87872       0.00000
     -20.59672       0.00000
     -20.31472       0.00000
     -20.03272       0.00000
     -19.75072       0.00000
     -19.46872       0.00000
     -19.18772       0.00000
     -18.90572       0.00000
     -18.62372       0.00000
     -18.34172       0.00000
     -18.05972       0.00000
     -17.77772       0.00000
     -17.49572       0.00000
     -17.21472       0.00000
     -16.93272       0.00000
     -16.65072       0.00000
     -16.36872       0.00000
     -16.08672       0.00000
     -15.80472       0.00000
     -15.52272       0.00000
     -15.24072       0.00000
     -14.95972       0.00000
     -14.67772       0.00000
     -14.39572       0.00000
     -14.11372       0.00000
     -13.83172       0.00000
     -13.54972       0.00000
     -13.26772       0.00000
     -12.98672       0.00000
     -12.70472       0.00000
     -12.42272       0.00000
     -12.14072       0.00000
     -11.85872       0.00000
     -11.57672       0.00000
     -11.29472       0.00000
     -11.01272       0.00000
     -10.73172       0.00000
     -10.44972       0.00000
     -10.16772       0.00000
      -9.88572       0.00000
      -9.60372       0.00000
      -9.32172       0.00000
      -9.03972       0.00000
      -8.75872      -0.00000
      -8.47672      -0.00000
      -8.19472      -0.00002
      -7.91272       0.05652
      -7.63072       0.91450
      -7.34872       1.68800
      -7.06672       1.91000
      -6.78472       2.80700
      -6.50372       3.18100
      -6.22172       3.39200
      -5.93972       3.55800
      -5.65772       5.24800
      -5.37572       5.59100
      -5.09372       6.37500
      -4.81172       7.83700
      -4.53072      10.91000
      -4.24872      19.77000
      -3.96672      24.83000
      -3.68472      28.57000
      -3.40272      30.32000
      -3.12072      35.31000
      -2.83872      36.06000
      -2.55672      29.42000
      -2.27572      20.27000
      -1.99372      30.24000
      -1.71172      52.61000
      -1.42972      52.17000
      -1.14772      47.97000
      -0.86572      51.83000
      -0.58372      55.78000
      -0.30272      61.05000
      -0.02072      48.57000
       0.26128      35.38000
       0.54328      18.73000
       0.82528      14.81000
       1.10728      16.13000
       1.38928      24.05000
       1.67128      34.52000
       1.95228      47.35000
       2.23428      54.79000
       2.51628      54.67000
       2.79828      41.40000
       3.08028      40.43000
       3.36228      41.30000
       3.64428       5.11800
       3.92528      -0.00951
       4.20728      -0.00000
       4.48928       0.00000
       4.77128       0.00000
       5.05328       0.00000
       5.33528       0.00000
       5.61728       0.00000
       5.89928       0.00000
       6.18028       0.00000
       6.46228       0.00000
       6.74428       0.00000
       7.02628       0.00000
       7.30828       0.00000
