      #Energy        TDOS
     -59.58122       0.00000
     -59.36522       0.00000
     -59.14822       0.00000
     -58.93122       0.00000
     -58.71422       0.00000
     -58.49722       0.00000
     -58.28022       0.00000
     -58.06322       0.00000
     -57.84722       0.00000
     -57.63022      -0.00000
     -57.41322      -0.00000
     -57.19622      -0.00000
     -56.97922      -0.00004
     -56.76222      -1.13300
     -56.54622      58.50000
     -56.32922      68.32000
     -56.11222       3.45100
     -55.89522      -0.01815
     -55.67822      -0.00000
     -55.46122       0.00000
     -55.24422       0.00000
     -55.02822      -0.00000
     -54.81122      -0.00000
     -54.59422      -0.00000
     -54.37722      -0.11040
     -54.16022       7.04600
     -53.94322      28.21000
     -53.72622       1.76200
     -53.51022      -0.01201
     -53.29322      -0.00000
     -53.07622       0.00000
     -52.85922       0.00000
     -52.64222       0.00000
     -52.42522       0.00000
     -52.20822       0.00000
     -51.99222       0.00000
     -51.77522       0.00000
     -51.55822       0.00000
     -51.34122       0.00000
     -51.12422       0.00000
     -50.90722       0.00000
     -50.69122       0.00000
     -50.47422       0.00000
     -50.25722       0.00000
     -50.04022       0.00000
     -49.82322       0.00000
     -49.60622       0.00000
     -49.38922       0.00000
     -49.17322       0.00000
     -48.95622       0.00000
     -48.73922       0.00000
     -48.52222       0.00000
     -48.30522       0.00000
     -48.08822       0.00000
     -47.87122       0.00000
     -47.65522       0.00000
     -47.43822       0.00000
     -47.22122       0.00000
     -47.00422       0.00000
     -46.78722       0.00000
     -46.57022       0.00000
     -46.35422       0.00000
     -46.13722       0.00000
     -45.92022       0.00000
     -45.70322       0.00000
     -45.48622       0.00000
     -45.26922       0.00000
     -45.05222       0.00000
     -44.83622       0.00000
     -44.61922       0.00000
     -44.40222       0.00000
     -44.18522       0.00000
     -43.96822       0.00000
     -43.75122       0.00000
     -43.53422       0.00000
     -43.31822       0.00000
     -43.10122       0.00000
     -42.88422       0.00000
     -42.66722       0.00000
     -42.45022       0.00000
     -42.23322       0.00000
     -42.01622       0.00000
     -41.80022       0.00000
     -41.58322       0.00000
     -41.36622       0.00000
     -41.14922       0.00000
     -40.93222       0.00000
     -40.71522       0.00000
     -40.49922       0.00000
     -40.28222       0.00000
     -40.06522       0.00000
     -39.84822       0.00000
     -39.63122       0.00000
     -39.41422       0.00000
     -39.19722       0.00000
     -38.98122       0.00000
     -38.76422       0.00000
     -38.54722       0.00000
     -38.33022       0.00000
     -38.11322       0.00000
     -37.89622       0.00000
     -37.67922       0.00000
     -37.46322       0.00000
     -37.24622       0.00000
     -37.02922       0.00000
     -36.81222       0.00000
     -36.59522       0.00000
     -36.37822       0.00000
     -36.16222       0.00000
     -35.94522       0.00000
     -35.72822       0.00000
     -35.51122       0.00000
     -35.29422       0.00000
     -35.07722      -0.00000
     -34.86022      -0.00000
     -34.64422      -0.00000
     -34.42722      -0.01649
     -34.21022       1.26200
     -33.99322      88.58000
     -33.77622      87.14000
     -33.55922      88.96000
     -33.34222      37.72000
     -33.12622      -0.65160
     -32.90922      70.51000
     -32.69222     191.10000
     -32.47522     129.30000
     -32.25822      -2.15400
     -32.04122      -0.00320
     -31.82522      -0.00000
     -31.60822       0.00000
     -31.39122      -0.00000
     -31.17422      -0.00000
     -30.95722      -0.00000
     -30.74022      -0.02415
     -30.52322       2.62900
     -30.30722      40.12000
     -30.09022     106.00000
     -29.87322     121.30000
     -29.65622      35.04000
     -29.43922      -0.69440
     -29.22222      -0.00039
     -29.00522      -0.00000
     -28.78922       0.00000
     -28.57222       0.00000
     -28.35522       0.00000
     -28.13822       0.00000
     -27.92122       0.00000
     -27.70422       0.00000
     -27.48722       0.00000
     -27.27122       0.00000
     -27.05422       0.00000
     -26.83722       0.00000
     -26.62022       0.00000
     -26.40322       0.00000
     -26.18622       0.00000
     -25.97022       0.00000
     -25.75322       0.00000
     -25.53622       0.00000
     -25.31922       0.00000
     -25.10222       0.00000
     -24.88522       0.00000
     -24.66822       0.00000
     -24.45222       0.00000
     -24.23522       0.00000
     -24.01822       0.00000
     -23.80122       0.00000
     -23.58422       0.00000
     -23.36722       0.00000
     -23.15022       0.00000
     -22.93422       0.00000
     -22.71722       0.00000
     -22.50022       0.00000
     -22.28322       0.00000
     -22.06622       0.00000
     -21.84922       0.00000
     -21.63322       0.00000
     -21.41622       0.00000
     -21.19922       0.00000
     -20.98222       0.00000
     -20.76522       0.00000
     -20.54822       0.00000
     -20.33122       0.00000
     -20.11522       0.00000
     -19.89822       0.00000
     -19.68122       0.00000
     -19.46422       0.00000
     -19.24722       0.00000
     -19.03022       0.00000
     -18.81322       0.00000
     -18.59722       0.00000
     -18.38022       0.00000
     -18.16322       0.00000
     -17.94622       0.00000
     -17.72922       0.00000
     -17.51222       0.00000
     -17.29522       0.00000
     -17.07922       0.00000
     -16.86222       0.00000
     -16.64522       0.00000
     -16.42822       0.00000
     -16.21122       0.00000
     -15.99422       0.00000
     -15.77822       0.00000
     -15.56122       0.00000
     -15.34422       0.00000
     -15.12722       0.00000
     -14.91022       0.00000
     -14.69322       0.00000
     -14.47622       0.00000
     -14.26022       0.00000
     -14.04322       0.00000
     -13.82622       0.00000
     -13.60922       0.00000
     -13.39222       0.00000
     -13.17522       0.00000
     -12.95822       0.00000
     -12.74222       0.00000
     -12.52522       0.00000
     -12.30822       0.00000
     -12.09122       0.00000
     -11.87422       0.00000
     -11.65722       0.00000
     -11.44122       0.00000
     -11.22422       0.00000
     -11.00722       0.00000
     -10.79022       0.00000
     -10.57322       0.00000
     -10.35622       0.00000
     -10.13922       0.00000
      -9.92322       0.00000
      -9.70622       0.00000
      -9.48922       0.00000
      -9.27222       0.00000
      -9.05522       0.00000
      -8.83822       0.00000
      -8.62122       0.00000
      -8.40522       0.00000
      -8.18822       0.00000
      -7.97122       0.00000
      -7.75422      -0.00000
      -7.53722      -0.00000
      -7.32022      -0.00000
      -7.10422      -0.00274
      -6.88722       0.16950
      -6.67022       1.25600
      -6.45322       2.05100
      -6.23622       2.03800
      -6.01922       2.83300
      -5.80222       3.01900
      -5.58622       3.35200
      -5.36922       4.33000
      -5.15222       3.66100
      -4.93522       5.99800
      -4.71822       5.11500
      -4.50122       6.11000
      -4.28422       6.83500
      -4.06822       9.06000
      -3.85122      10.51000
      -3.63422      13.37000
      -3.41722      19.28000
      -3.20022      22.62000
      -2.98322      24.15000
      -2.76622      30.71000
      -2.55022      32.39000
      -2.33322      36.61000
      -2.11622      36.70000
      -1.89922      35.42000
      -1.68222      27.86000
      -1.46522      23.33000
      -1.24922      39.22000
      -1.03222      54.89000
      -0.81522      57.85000
      -0.59822      59.17000
      -0.38122      57.34000
      -0.16422      56.53000
       0.05278      51.78000
       0.26878      52.78000
       0.48578      48.99000
       0.70278      45.33000
       0.91978      39.80000
       1.13678      27.04000
       1.35378      20.40000
       1.57078      30.24000
       1.78678      37.23000
       2.00378      39.24000
       2.22078      42.19000
       2.43778      30.79000
       2.65478       2.54000
       2.87178      -0.03505
       3.08778      -0.00000
       3.30478      -0.00000
       3.52178       0.00000
       3.73878       0.00000
       3.95578       0.00000
       4.17278       0.00000
       4.38978       0.00000
       4.60578       0.00000
       4.82278       0.00000
       5.03978       0.00000
       5.25678       0.00000
       5.47378       0.00000
