      #Energy        TDOS
     -78.06311       0.00000
     -77.78111       0.00000
     -77.49811       0.00000
     -77.21611       0.00000
     -76.93411       0.00000
     -76.65211       0.00000
     -76.36911       0.00000
     -76.08711       0.00000
     -75.80511       0.00000
     -75.52311       0.00000
     -75.24011      -0.00000
     -74.95811      -0.00000
     -74.67611      -0.00000
     -74.39411      -0.15330
     -74.11211      30.93000
     -73.82911     126.80000
     -73.54711      -1.68300
     -73.26511      -0.00000
     -72.98311       0.00000
     -72.70011       0.00000
     -72.41811       0.00000
     -72.13611       0.00000
     -71.85411       0.00000
     -71.57111       0.00000
     -71.28911       0.00000
     -71.00711       0.00000
     -70.72511       0.00000
     -70.44211       0.00000
     -70.16011       0.00000
     -69.87811       0.00000
     -69.59611       0.00000
     -69.31311       0.00000
     -69.03111       0.00000
     -68.74911       0.00000
     -68.46711       0.00000
     -68.18411       0.00000
     -67.90211       0.00000
     -67.62011       0.00000
     -67.33811       0.00000
     -67.05511       0.00000
     -66.77311       0.00000
     -66.49111       0.00000
     -66.20911       0.00000
     -65.92611       0.00000
     -65.64411       0.00000
     -65.36211       0.00000
     -65.08011       0.00000
     -64.79711       0.00000
     -64.51511       0.00000
     -64.23311       0.00000
     -63.95111       0.00000
     -63.66811       0.00000
     -63.38611       0.00000
     -63.10411       0.00000
     -62.82211       0.00000
     -62.54011       0.00000
     -62.25711       0.00000
     -61.97511      -0.00000
     -61.69311      -0.00000
     -61.41111      -0.00342
     -61.12811       7.96500
     -60.84611     142.20000
     -60.56411       5.74800
     -60.28211      -0.00130
     -59.99911       0.00000
     -59.71711       0.00000
     -59.43511       0.00000
     -59.15311       0.00000
     -58.87011       0.00000
     -58.58811       0.00000
     -58.30611       0.00000
     -58.02411       0.00000
     -57.74111       0.00000
     -57.45911       0.00000
     -57.17711       0.00000
     -56.89511       0.00000
     -56.61211       0.00000
     -56.33011       0.00000
     -56.04811       0.00000
     -55.76611       0.00000
     -55.48311       0.00000
     -55.20111       0.00000
     -54.91911       0.00000
     -54.63711       0.00000
     -54.35411       0.00000
     -54.07211       0.00000
     -53.79011       0.00000
     -53.50811       0.00000
     -53.22511       0.00000
     -52.94311       0.00000
     -52.66111       0.00000
     -52.37911       0.00000
     -52.09711       0.00000
     -51.81411       0.00000
     -51.53211       0.00000
     -51.25011       0.00000
     -50.96811       0.00000
     -50.68511       0.00000
     -50.40311       0.00000
     -50.12111       0.00000
     -49.83911       0.00000
     -49.55611       0.00000
     -49.27411       0.00000
     -48.99211       0.00000
     -48.71011       0.00000
     -48.42711       0.00000
     -48.14511       0.00000
     -47.86311      -0.00000
     -47.58111      -0.00000
     -47.29811      -0.00000
     -47.01611      -0.88090
     -46.73411      77.44000
     -46.45211     112.70000
     -46.16911      23.23000
     -45.88711       0.12560
     -45.60511      -0.00003
     -45.32311       0.00000
     -45.04011       0.00000
     -44.75811       0.00000
     -44.47611       0.00000
     -44.19411       0.00000
     -43.91111       0.00000
     -43.62911       0.00000
     -43.34711       0.00000
     -43.06511       0.00000
     -42.78211       0.00000
     -42.50011       0.00000
     -42.21811       0.00000
     -41.93611       0.00000
     -41.65311       0.00000
     -41.37111       0.00000
     -41.08911       0.00000
     -40.80711       0.00000
     -40.52511       0.00000
     -40.24211       0.00000
     -39.96011       0.00000
     -39.67811      -0.00000
     -39.39611      -0.00000
     -39.11311      -0.00001
     -38.83111      -0.85450
     -38.54911      79.85000
     -38.26711     174.60000
     -37.98411     146.60000
     -37.70211      68.34000
     -37.42011      -0.94130
     -37.13811      -0.00000
     -36.85511       0.00000
     -36.57311      -0.00000
     -36.29111      -0.00000
     -36.00911      -0.00010
     -35.72611       0.28460
     -35.44411      53.52000
     -35.16211     105.80000
     -34.88011     184.20000
     -34.59711     117.60000
     -34.31511       6.25100
     -34.03311      -0.00571
     -33.75111       0.00000
     -33.46811       0.00000
     -33.18611       0.00000
     -32.90411       0.00000
     -32.62211       0.00000
     -32.33911       0.00000
     -32.05711       0.00000
     -31.77511       0.00000
     -31.49311       0.00000
     -31.21011       0.00000
     -30.92811       0.00000
     -30.64611       0.00000
     -30.36411       0.00000
     -30.08211       0.00000
     -29.79911       0.00000
     -29.51711       0.00000
     -29.23511       0.00000
     -28.95311       0.00000
     -28.67011       0.00000
     -28.38811       0.00000
     -28.10611       0.00000
     -27.82411       0.00000
     -27.54111       0.00000
     -27.25911       0.00000
     -26.97711       0.00000
     -26.69511       0.00000
     -26.41211       0.00000
     -26.13011       0.00000
     -25.84811       0.00000
     -25.56611       0.00000
     -25.28311       0.00000
     -25.00111       0.00000
     -24.71911       0.00000
     -24.43711       0.00000
     -24.15411       0.00000
     -23.87211       0.00000
     -23.59011       0.00000
     -23.30811       0.00000
     -23.02511       0.00000
     -22.74311       0.00000
     -22.46111       0.00000
     -22.17911       0.00000
     -21.89611       0.00000
     -21.61411       0.00000
     -21.33211       0.00000
     -21.05011       0.00000
     -20.76711       0.00000
     -20.48511       0.00000
     -20.20311       0.00000
     -19.92111       0.00000
     -19.63811       0.00000
     -19.35611       0.00000
     -19.07411       0.00000
     -18.79211       0.00000
     -18.51011       0.00000
     -18.22711       0.00000
     -17.94511       0.00000
     -17.66311       0.00000
     -17.38111       0.00000
     -17.09811       0.00000
     -16.81611       0.00000
     -16.53411       0.00000
     -16.25211       0.00000
     -15.96911       0.00000
     -15.68711       0.00000
     -15.40511       0.00000
     -15.12311       0.00000
     -14.84011       0.00000
     -14.55811       0.00000
     -14.27611       0.00000
     -13.99411       0.00000
     -13.71111       0.00000
     -13.42911       0.00000
     -13.14711       0.00000
     -12.86511       0.00000
     -12.58211       0.00000
     -12.30011       0.00000
     -12.01811       0.00000
     -11.73611       0.00000
     -11.45311       0.00000
     -11.17111       0.00000
     -10.88911       0.00000
     -10.60711       0.00000
     -10.32411       0.00000
     -10.04211       0.00000
      -9.76011       0.00000
      -9.47811       0.00000
      -9.19511      -0.00000
      -8.91311      -0.00000
      -8.63111      -0.00006
      -8.34911       0.10020
      -8.06711       1.56700
      -7.78411       3.02400
      -7.50211       2.74700
      -7.22011       3.95800
      -6.93811       4.47000
      -6.65511       5.69500
      -6.37311       7.44400
      -6.09111       8.07400
      -5.80911      13.02000
      -5.52611      26.03000
      -5.24411      38.99000
      -4.96211      49.24000
      -4.68011      56.33000
      -4.39711      72.35000
      -4.11511      69.75000
      -3.83311      57.96000
      -3.55111      66.30000
      -3.26811      71.65000
      -2.98611      81.40000
      -2.70411      77.76000
      -2.42211      67.70000
      -2.13911      71.12000
      -1.85711      78.60000
      -1.57511      67.66000
      -1.29311      49.00000
      -1.01011      38.88000
      -0.72811      45.01000
      -0.44611      46.68000
      -0.16411      46.27000
       0.11889      44.55000
       0.40089      46.15000
       0.68289      47.12000
       0.96489      49.53000
       1.24789      49.58000
       1.52989      54.73000
       1.81189      60.73000
       2.09389      62.39000
       2.37689      68.42000
       2.65889      72.42000
       2.94089       8.42800
       3.22289      -0.01613
       3.50489      -0.00000
       3.78789       0.00000
       4.06989       0.00000
       4.35189       0.00000
       4.63389       0.00000
       4.91689       0.00000
       5.19889       0.00000
       5.48089       0.00000
       5.76289       0.00000
       6.04589       0.00000
       6.32789       0.00000
       6.60989       0.00000
