      #Energy        TDOS
     -67.14509       0.00000
     -66.90209       0.00000
     -66.66009       0.00000
     -66.41809       0.00000
     -66.17609       0.00000
     -65.93309       0.00000
     -65.69109       0.00000
     -65.44909       0.00000
     -65.20609       0.00000
     -64.96409       0.00000
     -64.72209      -0.00000
     -64.47909      -0.00000
     -64.23709      -0.00000
     -63.99509      -0.21360
     -63.75209       9.28500
     -63.51009      24.44000
     -63.26809      -0.49190
     -63.02609      -0.00000
     -62.78309       0.00000
     -62.54109       0.00000
     -62.29909       0.00000
     -62.05609       0.00000
     -61.81409       0.00000
     -61.57209       0.00000
     -61.32909       0.00000
     -61.08709       0.00000
     -60.84509       0.00000
     -60.60309       0.00000
     -60.36009       0.00000
     -60.11809       0.00000
     -59.87609       0.00000
     -59.63309       0.00000
     -59.39109       0.00000
     -59.14909       0.00000
     -58.90609       0.00000
     -58.66409       0.00000
     -58.42209       0.00000
     -58.17909       0.00000
     -57.93709       0.00000
     -57.69509       0.00000
     -57.45309      -0.00000
     -57.21009      -0.00000
     -56.96809      -0.00000
     -56.72609      -0.01343
     -56.48309       6.82400
     -56.24109     100.40000
     -55.99909       8.39800
     -55.75609      -0.01927
     -55.51409      -0.00000
     -55.27209       0.00000
     -55.03009      -0.00000
     -54.78709      -0.00000
     -54.54509      -0.00007
     -54.30309      -1.04900
     -54.06009      53.28000
     -53.81809      39.27000
     -53.57609      -0.70910
     -53.33309      -0.00001
     -53.09109       0.00000
     -52.84909       0.00000
     -52.60609       0.00000
     -52.36409       0.00000
     -52.12209       0.00000
     -51.88009       0.00000
     -51.63709       0.00000
     -51.39509       0.00000
     -51.15309       0.00000
     -50.91009       0.00000
     -50.66809       0.00000
     -50.42609       0.00000
     -50.18309       0.00000
     -49.94109       0.00000
     -49.69909       0.00000
     -49.45609       0.00000
     -49.21409       0.00000
     -48.97209       0.00000
     -48.73009       0.00000
     -48.48709       0.00000
     -48.24509       0.00000
     -48.00309       0.00000
     -47.76009       0.00000
     -47.51809       0.00000
     -47.27609       0.00000
     -47.03309       0.00000
     -46.79109       0.00000
     -46.54909       0.00000
     -46.30709       0.00000
     -46.06409       0.00000
     -45.82209       0.00000
     -45.58009       0.00000
     -45.33709       0.00000
     -45.09509       0.00000
     -44.85309       0.00000
     -44.61009       0.00000
     -44.36809       0.00000
     -44.12609       0.00000
     -43.88309       0.00000
     -43.64109      -0.00000
     -43.39909      -0.00000
     -43.15709      -0.00000
     -42.91409      -0.13960
     -42.67209      12.06000
     -42.43009     138.10000
     -42.18709      23.41000
     -41.94509      -0.08232
     -41.70309      -0.00000
     -41.46009       0.00000
     -41.21809       0.00000
     -40.97609       0.00000
     -40.73409       0.00000
     -40.49109       0.00000
     -40.24909       0.00000
     -40.00709       0.00000
     -39.76409       0.00000
     -39.52209       0.00000
     -39.28009       0.00000
     -39.03709       0.00000
     -38.79509       0.00000
     -38.55309      -0.00000
     -38.31009      -0.00000
     -38.06809      -0.00021
     -37.82609      -0.55010
     -37.58409      41.51000
     -37.34109      58.83000
     -37.09909      -0.74200
     -36.85709      -0.00000
     -36.61409       0.00000
     -36.37209       0.00000
     -36.13009       0.00000
     -35.88709       0.00000
     -35.64509       0.00000
     -35.40309       0.00000
     -35.16109       0.00000
     -34.91809       0.00000
     -34.67609       0.00000
     -34.43409       0.00000
     -34.19109       0.00000
     -33.94909      -0.00000
     -33.70709      -0.00000
     -33.46409      -0.00000
     -33.22209      -0.01109
     -32.98009       3.04000
     -32.73709      94.79000
     -32.49509     187.00000
     -32.25309      62.63000
     -32.01109      -0.81780
     -31.76809      -0.00001
     -31.52609      -0.00000
     -31.28409      -0.00000
     -31.04109      -0.01258
     -30.79909       3.51300
     -30.55709      34.98000
     -30.31409      39.01000
     -30.07209     109.50000
     -29.83009      50.90000
     -29.58709      32.88000
     -29.34509       1.57500
     -29.10309      -0.00203
     -28.86109      -0.00000
     -28.61809       0.00000
     -28.37609       0.00000
     -28.13409       0.00000
     -27.89109       0.00000
     -27.64909       0.00000
     -27.40709       0.00000
     -27.16409       0.00000
     -26.92209       0.00000
     -26.68009       0.00000
     -26.43809       0.00000
     -26.19509       0.00000
     -25.95309       0.00000
     -25.71109       0.00000
     -25.46809       0.00000
     -25.22609       0.00000
     -24.98409       0.00000
     -24.74109       0.00000
     -24.49909       0.00000
     -24.25709       0.00000
     -24.01409       0.00000
     -23.77209       0.00000
     -23.53009       0.00000
     -23.28809       0.00000
     -23.04509       0.00000
     -22.80309       0.00000
     -22.56109       0.00000
     -22.31809       0.00000
     -22.07609       0.00000
     -21.83409       0.00000
     -21.59109       0.00000
     -21.34909       0.00000
     -21.10709       0.00000
     -20.86509       0.00000
     -20.62209       0.00000
     -20.38009       0.00000
     -20.13809       0.00000
     -19.89509       0.00000
     -19.65309       0.00000
     -19.41109       0.00000
     -19.16809       0.00000
     -18.92609       0.00000
     -18.68409       0.00000
     -18.44109       0.00000
     -18.19909       0.00000
     -17.95709       0.00000
     -17.71509       0.00000
     -17.47209       0.00000
     -17.23009       0.00000
     -16.98809       0.00000
     -16.74509       0.00000
     -16.50309       0.00000
     -16.26109       0.00000
     -16.01809       0.00000
     -15.77609       0.00000
     -15.53409       0.00000
     -15.29109       0.00000
     -15.04909       0.00000
     -14.80709       0.00000
     -14.56509       0.00000
     -14.32209       0.00000
     -14.08009       0.00000
     -13.83809       0.00000
     -13.59509       0.00000
     -13.35309       0.00000
     -13.11109       0.00000
     -12.86809       0.00000
     -12.62609       0.00000
     -12.38409       0.00000
     -12.14209       0.00000
     -11.89909       0.00000
     -11.65709       0.00000
     -11.41509       0.00000
     -11.17209       0.00000
     -10.93009       0.00000
     -10.68809       0.00000
     -10.44509       0.00000
     -10.20309       0.00000
      -9.96109       0.00000
      -9.71809       0.00000
      -9.47609       0.00000
      -9.23409       0.00000
      -8.99209       0.00000
      -8.74909       0.00000
      -8.50709       0.00000
      -8.26509       0.00000
      -8.02209       0.00000
      -7.78009       0.00000
      -7.53809       0.00000
      -7.29509       0.00000
      -7.05309      -0.00000
      -6.81109      -0.00000
      -6.56909      -0.00000
      -6.32609      -0.00844
      -6.08409       0.46320
      -5.84209       1.40700
      -5.59909       2.15600
      -5.35709       2.57700
      -5.11509       2.86600
      -4.87209       3.83700
      -4.63009       4.45900
      -4.38809       5.11100
      -4.14509       5.42900
      -3.90309       7.32900
      -3.66109       8.60100
      -3.41909      14.76000
      -3.17609      23.96000
      -2.93409      30.76000
      -2.69209      35.87000
      -2.44909      38.83000
      -2.20709      41.80000
      -1.96509      42.97000
      -1.72209      36.17000
      -1.48009      28.68000
      -1.23809      51.58000
      -0.99609      66.87000
      -0.75309      64.55000
      -0.51109      62.90000
      -0.26909      64.38000
      -0.02609      59.36000
       0.21591      54.73000
       0.45791      50.09000
       0.70091      30.46000
       0.94291      22.12000
       1.18491      24.28000
       1.42791      32.90000
       1.66991      54.66000
       1.91191      63.43000
       2.15391      53.56000
       2.39691       3.91000
       2.63891      -0.02355
       2.88091      -0.00000
       3.12391       0.00000
       3.36591       0.00000
       3.60791       0.00000
       3.85091       0.00000
       4.09291       0.00000
       4.33491       0.00000
       4.57791       0.00000
       4.81991       0.00000
       5.06191       0.00000
       5.30391       0.00000
       5.54691       0.00000
