      #Energy        TDOS
     -45.20510       0.00000
     -45.04010       0.00000
     -44.87410       0.00000
     -44.70910       0.00000
     -44.54310       0.00000
     -44.37710       0.00000
     -44.21210       0.00000
     -44.04610       0.00000
     -43.88110      -0.00000
     -43.71510      -0.00000
     -43.55010      -0.00000
     -43.38410      -0.00000
     -43.21910      -0.00477
     -43.05310      -1.45000
     -42.88810      34.72000
     -42.72210     163.90000
     -42.55710     254.00000
     -42.39110     209.00000
     -42.22610      -7.67100
     -42.06010      -0.05118
     -41.89510      -0.00000
     -41.72910      -0.00000
     -41.56310       0.00000
     -41.39810       0.00000
     -41.23210       0.00000
     -41.06710       0.00000
     -40.90110       0.00000
     -40.73610       0.00000
     -40.57010       0.00000
     -40.40510       0.00000
     -40.23910       0.00000
     -40.07410       0.00000
     -39.90810       0.00000
     -39.74310       0.00000
     -39.57710       0.00000
     -39.41210       0.00000
     -39.24610       0.00000
     -39.08110       0.00000
     -38.91510       0.00000
     -38.75010       0.00000
     -38.58410       0.00000
     -38.41810       0.00000
     -38.25310       0.00000
     -38.08710       0.00000
     -37.92210       0.00000
     -37.75610       0.00000
     -37.59110       0.00000
     -37.42510       0.00000
     -37.26010       0.00000
     -37.09410       0.00000
     -36.92910       0.00000
     -36.76310       0.00000
     -36.59810       0.00000
     -36.43210       0.00000
     -36.26710       0.00000
     -36.10110       0.00000
     -35.93610       0.00000
     -35.77010       0.00000
     -35.60410       0.00000
     -35.43910       0.00000
     -35.27310      -0.00000
     -35.10810      -0.00000
     -34.94210      -0.00000
     -34.77710      -0.00000
     -34.61110      -0.00214
     -34.44610      -0.32990
     -34.28010       7.89400
     -34.11510      48.65000
     -33.94910      75.34000
     -33.78410      93.55000
     -33.61810     120.30000
     -33.45310     109.70000
     -33.28710      91.28000
     -33.12210      59.71000
     -32.95610      40.68000
     -32.79110       5.97200
     -32.62510      -0.27480
     -32.45910      -0.00016
     -32.29410      -0.00000
     -32.12810       0.00000
     -31.96310       0.00000
     -31.79710       0.00000
     -31.63210       0.00000
     -31.46610       0.00000
     -31.30110       0.00000
     -31.13510       0.00000
     -30.97010       0.00000
     -30.80410       0.00000
     -30.63910       0.00000
     -30.47310       0.00000
     -30.30810       0.00000
     -30.14210       0.00000
     -29.97710       0.00000
     -29.81110       0.00000
     -29.64510       0.00000
     -29.48010       0.00000
     -29.31410       0.00000
     -29.14910       0.00000
     -28.98310       0.00000
     -28.81810       0.00000
     -28.65210       0.00000
     -28.48710       0.00000
     -28.32110       0.00000
     -28.15610       0.00000
     -27.99010       0.00000
     -27.82510       0.00000
     -27.65910       0.00000
     -27.49410       0.00000
     -27.32810       0.00000
     -27.16310       0.00000
     -26.99710       0.00000
     -26.83210       0.00000
     -26.66610       0.00000
     -26.50010       0.00000
     -26.33510       0.00000
     -26.16910       0.00000
     -26.00410       0.00000
     -25.83810       0.00000
     -25.67310       0.00000
     -25.50710       0.00000
     -25.34210       0.00000
     -25.17610       0.00000
     -25.01110       0.00000
     -24.84510       0.00000
     -24.68010       0.00000
     -24.51410       0.00000
     -24.34910       0.00000
     -24.18310       0.00000
     -24.01810       0.00000
     -23.85210       0.00000
     -23.68610       0.00000
     -23.52110       0.00000
     -23.35510       0.00000
     -23.19010       0.00000
     -23.02410       0.00000
     -22.85910       0.00000
     -22.69310       0.00000
     -22.52810       0.00000
     -22.36210       0.00000
     -22.19710       0.00000
     -22.03110       0.00000
     -21.86610       0.00000
     -21.70010       0.00000
     -21.53510       0.00000
     -21.36910       0.00000
     -21.20410       0.00000
     -21.03810       0.00000
     -20.87310       0.00000
     -20.70710       0.00000
     -20.54110       0.00000
     -20.37610       0.00000
     -20.21010       0.00000
     -20.04510       0.00000
     -19.87910       0.00000
     -19.71410       0.00000
     -19.54810       0.00000
     -19.38310       0.00000
     -19.21710       0.00000
     -19.05210       0.00000
     -18.88610       0.00000
     -18.72110       0.00000
     -18.55510       0.00000
     -18.39010       0.00000
     -18.22410       0.00000
     -18.05910       0.00000
     -17.89310       0.00000
     -17.72710       0.00000
     -17.56210       0.00000
     -17.39610       0.00000
     -17.23110       0.00000
     -17.06510       0.00000
     -16.90010       0.00000
     -16.73410       0.00000
     -16.56910       0.00000
     -16.40310       0.00000
     -16.23810       0.00000
     -16.07210       0.00000
     -15.90710       0.00000
     -15.74110       0.00000
     -15.57610       0.00000
     -15.41010       0.00000
     -15.24510       0.00000
     -15.07910       0.00000
     -14.91410       0.00000
     -14.74810       0.00000
     -14.58210       0.00000
     -14.41710       0.00000
     -14.25110       0.00000
     -14.08610       0.00000
     -13.92010       0.00000
     -13.75510       0.00000
     -13.58910       0.00000
     -13.42410       0.00000
     -13.25810       0.00000
     -13.09310       0.00000
     -12.92710       0.00000
     -12.76210       0.00000
     -12.59610       0.00000
     -12.43110       0.00000
     -12.26510       0.00000
     -12.10010       0.00000
     -11.93410       0.00000
     -11.76810       0.00000
     -11.60310       0.00000
     -11.43710       0.00000
     -11.27210       0.00000
     -11.10610       0.00000
     -10.94110       0.00000
     -10.77510       0.00000
     -10.61010       0.00000
     -10.44410       0.00000
     -10.27910       0.00000
     -10.11310       0.00000
      -9.94810       0.00000
      -9.78210       0.00000
      -9.61710       0.00000
      -9.45110       0.00000
      -9.28610       0.00000
      -9.12010       0.00000
      -8.95510       0.00000
      -8.78910       0.00000
      -8.62310      -0.00000
      -8.45810      -0.00000
      -8.29210      -0.00000
      -8.12710      -0.00000
      -7.96110      -0.00058
      -7.79610      -0.00218
      -7.63010       0.53640
      -7.46510       1.05300
      -7.29910       1.45300
      -7.13410       1.97200
      -6.96810       1.58400
      -6.80310       2.34500
      -6.63710       2.98700
      -6.47210       2.67600
      -6.30610       3.32800
      -6.14110       2.76300
      -5.97510       4.72300
      -5.80910       3.34000
      -5.64410       5.12300
      -5.47810       4.15100
      -5.31310       5.08900
      -5.14710       5.64400
      -4.98210       5.93300
      -4.81610       7.27700
      -4.65110       7.54400
      -4.48510       9.09300
      -4.32010      11.35000
      -4.15410      18.82000
      -3.98910      24.15000
      -3.82310      27.45000
      -3.65810      24.20000
      -3.49210      25.16000
      -3.32710      31.54000
      -3.16110      35.32000
      -2.99610      37.82000
      -2.83010      39.07000
      -2.66410      40.79000
      -2.49910      35.64000
      -2.33310      25.36000
      -2.16810      24.01000
      -2.00210      21.34000
      -1.83710      39.30000
      -1.67110      52.76000
      -1.50610      67.66000
      -1.34010      68.17000
      -1.17510      61.81000
      -1.00910      61.09000
      -0.84410      63.71000
      -0.67810      66.90000
      -0.51310      66.61000
      -0.34710      58.45000
      -0.18210      50.11000
      -0.01610      35.85000
       0.14990      27.08000
       0.31490      19.01000
       0.48090      20.98000
       0.64590      23.04000
       0.81190      26.41000
       0.97690      38.47000
       1.14290      51.91000
       1.30790      63.34000
       1.47390      68.05000
       1.63890      64.34000
       1.80490      55.49000
       1.96990      49.09000
       2.13590      35.64000
       2.30090       4.16900
       2.46690      -0.19980
       2.63190      -0.00024
       2.79790      -0.00000
       2.96290      -0.00000
       3.12890       0.00000
       3.29490       0.00000
       3.45990       0.00000
       3.62590       0.00000
       3.79090       0.00000
       3.95690       0.00000
       4.12190       0.00000
       4.28790       0.00000
       4.45290       0.00000
