      #Energy        TDOS
     -77.72685       0.00000
     -77.44485       0.00000
     -77.16285       0.00000
     -76.88085       0.00000
     -76.59885       0.00000
     -76.31685       0.00000
     -76.03485       0.00000
     -75.75285       0.00000
     -75.47085       0.00000
     -75.18885       0.00000
     -74.90685      -0.00000
     -74.62485      -0.00000
     -74.34285      -0.00000
     -74.06085      -0.14920
     -73.77885      30.52000
     -73.49685      69.84000
     -73.21485      -0.90890
     -72.93285      -0.00001
     -72.65085       0.00000
     -72.36885       0.00000
     -72.08685       0.00000
     -71.80485       0.00000
     -71.52285       0.00000
     -71.24085       0.00000
     -70.95885       0.00000
     -70.67685       0.00000
     -70.39485       0.00000
     -70.11285       0.00000
     -69.83085       0.00000
     -69.54885       0.00000
     -69.26685       0.00000
     -68.98485       0.00000
     -68.70285       0.00000
     -68.42085       0.00000
     -68.13885       0.00000
     -67.85685       0.00000
     -67.57485       0.00000
     -67.29285       0.00000
     -67.01085       0.00000
     -66.72885       0.00000
     -66.44685       0.00000
     -66.16485       0.00000
     -65.88285       0.00000
     -65.60085       0.00000
     -65.31885       0.00000
     -65.03685       0.00000
     -64.75485       0.00000
     -64.47285       0.00000
     -64.19085       0.00000
     -63.90885       0.00000
     -63.62685       0.00000
     -63.34485       0.00000
     -63.06285       0.00000
     -62.78085       0.00000
     -62.49885       0.00000
     -62.21685       0.00000
     -61.93485       0.00000
     -61.65285      -0.00000
     -61.37085      -0.00000
     -61.08885      -0.00068
     -60.80685       3.29300
     -60.52485      24.61000
     -60.24285       0.47140
     -59.96085      -0.00007
     -59.67885       0.00000
     -59.39685       0.00000
     -59.11485       0.00000
     -58.83285       0.00000
     -58.55085       0.00000
     -58.26885       0.00000
     -57.98685       0.00000
     -57.70485       0.00000
     -57.42285       0.00000
     -57.14085       0.00000
     -56.85885       0.00000
     -56.57685       0.00000
     -56.29485       0.00000
     -56.01285       0.00000
     -55.73085       0.00000
     -55.44885       0.00000
     -55.16685       0.00000
     -54.88485       0.00000
     -54.60285       0.00000
     -54.32085       0.00000
     -54.03885       0.00000
     -53.75685       0.00000
     -53.47485       0.00000
     -53.19285       0.00000
     -52.91085       0.00000
     -52.62885       0.00000
     -52.34685       0.00000
     -52.06485       0.00000
     -51.78285       0.00000
     -51.50085       0.00000
     -51.21885       0.00000
     -50.93685       0.00000
     -50.65485       0.00000
     -50.37285       0.00000
     -50.09085       0.00000
     -49.80885       0.00000
     -49.52685       0.00000
     -49.24485       0.00000
     -48.96285       0.00000
     -48.68085       0.00000
     -48.39885       0.00000
     -48.11685       0.00000
     -47.83485       0.00000
     -47.55285       0.00000
     -47.27085       0.00000
     -46.98885       0.00000
     -46.70685       0.00000
     -46.42485       0.00000
     -46.14385       0.00000
     -45.86185       0.00000
     -45.57985       0.00000
     -45.29785       0.00000
     -45.01585       0.00000
     -44.73385       0.00000
     -44.45185       0.00000
     -44.16985      -0.00000
     -43.88785      -0.00000
     -43.60585      -0.00000
     -43.32385      -0.59420
     -43.04185      75.91000
     -42.75985     160.60000
     -42.47785      -1.84500
     -42.19585      -0.00003
     -41.91385       0.00000
     -41.63185       0.00000
     -41.34985       0.00000
     -41.06785       0.00000
     -40.78585       0.00000
     -40.50385       0.00000
     -40.22185       0.00000
     -39.93985       0.00000
     -39.65785       0.00000
     -39.37585      -0.00000
     -39.09385      -0.00000
     -38.81185      -0.00013
     -38.52985       0.39930
     -38.24785      52.34000
     -37.96585      97.49000
     -37.68385      98.08000
     -37.40185      50.19000
     -37.11985      -0.63240
     -36.83785      -0.00000
     -36.55585       0.00000
     -36.27385      -0.00000
     -35.99185      -0.00000
     -35.70985      -0.00000
     -35.42785      -0.02410
     -35.14585       6.57700
     -34.86385      30.98000
     -34.58185      43.36000
     -34.29985       4.14300
     -34.01785      26.08000
     -33.73585      69.11000
     -33.45385      41.99000
     -33.17185      11.96000
     -32.88985      -0.13130
     -32.60785      -0.00000
     -32.32585       0.00000
     -32.04385       0.00000
     -31.76185       0.00000
     -31.47985       0.00000
     -31.19785       0.00000
     -30.91585       0.00000
     -30.63385       0.00000
     -30.35185       0.00000
     -30.06985       0.00000
     -29.78785       0.00000
     -29.50585       0.00000
     -29.22385       0.00000
     -28.94185       0.00000
     -28.65985       0.00000
     -28.37785       0.00000
     -28.09585       0.00000
     -27.81385       0.00000
     -27.53185       0.00000
     -27.24985       0.00000
     -26.96785       0.00000
     -26.68585       0.00000
     -26.40385       0.00000
     -26.12185       0.00000
     -25.83985       0.00000
     -25.55785       0.00000
     -25.27585       0.00000
     -24.99385       0.00000
     -24.71185       0.00000
     -24.42985       0.00000
     -24.14785       0.00000
     -23.86585       0.00000
     -23.58385       0.00000
     -23.30185       0.00000
     -23.01985       0.00000
     -22.73785       0.00000
     -22.45585       0.00000
     -22.17385       0.00000
     -21.89185       0.00000
     -21.60985       0.00000
     -21.32785       0.00000
     -21.04585       0.00000
     -20.76385       0.00000
     -20.48185       0.00000
     -20.19985       0.00000
     -19.91785       0.00000
     -19.63585       0.00000
     -19.35385       0.00000
     -19.07185       0.00000
     -18.78985       0.00000
     -18.50785       0.00000
     -18.22585       0.00000
     -17.94385       0.00000
     -17.66185       0.00000
     -17.37985       0.00000
     -17.09785       0.00000
     -16.81585       0.00000
     -16.53385       0.00000
     -16.25185       0.00000
     -15.96985       0.00000
     -15.68785       0.00000
     -15.40585       0.00000
     -15.12385       0.00000
     -14.84185       0.00000
     -14.55985       0.00000
     -14.27785       0.00000
     -13.99585       0.00000
     -13.71385       0.00000
     -13.43185       0.00000
     -13.14985       0.00000
     -12.86785       0.00000
     -12.58585       0.00000
     -12.30385       0.00000
     -12.02185       0.00000
     -11.73985       0.00000
     -11.45785       0.00000
     -11.17585       0.00000
     -10.89385       0.00000
     -10.61185       0.00000
     -10.32985       0.00000
     -10.04785       0.00000
      -9.76585       0.00000
      -9.48385       0.00000
      -9.20185      -0.00000
      -8.91985      -0.00000
      -8.63785      -0.00007
      -8.35585       0.09371
      -8.07385       0.95670
      -7.79185       1.69600
      -7.50985       1.79100
      -7.22785       2.86300
      -6.94585       3.18400
      -6.66385       3.49000
      -6.38185       3.33100
      -6.09985       4.93500
      -5.81785       5.58800
      -5.53585       7.15300
      -5.25385       8.69300
      -4.97185      18.84000
      -4.68985      22.96000
      -4.40785      28.57000
      -4.12585      30.56000
      -3.84385      32.04000
      -3.56185      36.00000
      -3.27985      36.06000
      -2.99785      24.55000
      -2.71585      29.22000
      -2.43385      50.69000
      -2.15185      51.56000
      -1.86985      49.95000
      -1.58785      51.83000
      -1.30585      56.02000
      -1.02385      65.63000
      -0.74185      50.24000
      -0.45985      31.28000
      -0.17785      18.71000
       0.10415      19.62000
       0.38615      20.58000
       0.66815      31.01000
       0.95015      47.02000
       1.23215      54.70000
       1.51415      52.43000
       1.79615      41.32000
       2.07815      36.49000
       2.36015      39.28000
       2.64215      35.66000
       2.92415      36.39000
       3.20615       5.98400
       3.48815      -0.01141
       3.77015      -0.00000
       4.05115       0.00000
       4.33315       0.00000
       4.61515       0.00000
       4.89715       0.00000
       5.17915       0.00000
       5.46115       0.00000
       5.74315       0.00000
       6.02515       0.00000
       6.30715       0.00000
       6.58915       0.00000
       6.87115       0.00000
