      #Energy        TDOS
     -57.17980       0.00000
     -56.97180       0.00000
     -56.76380       0.00000
     -56.55480       0.00000
     -56.34680       0.00000
     -56.13780       0.00000
     -55.92980       0.00000
     -55.72180       0.00000
     -55.51280       0.00000
     -55.30480      -0.00000
     -55.09580      -0.00000
     -54.88780      -0.00000
     -54.67980      -0.00008
     -54.47080      -0.47410
     -54.26280      21.06000
     -54.05380      62.03000
     -53.84580       3.82400
     -53.63780      -0.06433
     -53.42880      -0.00000
     -53.22080       0.00000
     -53.01180       0.00000
     -52.80380       0.00000
     -52.59580       0.00000
     -52.38680       0.00000
     -52.17880       0.00000
     -51.96980       0.00000
     -51.76180       0.00000
     -51.55380       0.00000
     -51.34480       0.00000
     -51.13680       0.00000
     -50.92780       0.00000
     -50.71980       0.00000
     -50.51180       0.00000
     -50.30280       0.00000
     -50.09480       0.00000
     -49.88580       0.00000
     -49.67780       0.00000
     -49.46980       0.00000
     -49.26080       0.00000
     -49.05280       0.00000
     -48.84380       0.00000
     -48.63580       0.00000
     -48.42780       0.00000
     -48.21880       0.00000
     -48.01080       0.00000
     -47.80180       0.00000
     -47.59380       0.00000
     -47.38580       0.00000
     -47.17680       0.00000
     -46.96880       0.00000
     -46.75980       0.00000
     -46.55180       0.00000
     -46.34380       0.00000
     -46.13480       0.00000
     -45.92680       0.00000
     -45.71780       0.00000
     -45.50980       0.00000
     -45.30180       0.00000
     -45.09280       0.00000
     -44.88480       0.00000
     -44.67580       0.00000
     -44.46780       0.00000
     -44.25980       0.00000
     -44.05080      -0.00000
     -43.84280      -0.00000
     -43.63380      -0.00000
     -43.42580      -0.00001
     -43.21780      -0.26210
     -43.00880      10.87000
     -42.80080      35.66000
     -42.59180     121.60000
     -42.38380      91.46000
     -42.17580      -0.24630
     -41.96680      -0.00844
     -41.75880      -0.00000
     -41.54980       0.00000
     -41.34180       0.00000
     -41.13380       0.00000
     -40.92480       0.00000
     -40.71680       0.00000
     -40.50780       0.00000
     -40.29980       0.00000
     -40.09080       0.00000
     -39.88280       0.00000
     -39.67480       0.00000
     -39.46580       0.00000
     -39.25780       0.00000
     -39.04880       0.00000
     -38.84080       0.00000
     -38.63280       0.00000
     -38.42380       0.00000
     -38.21580       0.00000
     -38.00680       0.00000
     -37.79880       0.00000
     -37.59080       0.00000
     -37.38180       0.00000
     -37.17380       0.00000
     -36.96480       0.00000
     -36.75680       0.00000
     -36.54880       0.00000
     -36.33980       0.00000
     -36.13180       0.00000
     -35.92280       0.00000
     -35.71480       0.00000
     -35.50680       0.00000
     -35.29780       0.00000
     -35.08980      -0.00000
     -34.88080      -0.00000
     -34.67280      -0.00000
     -34.46480      -0.01101
     -34.25580       1.27500
     -34.04780      28.97000
     -33.83880      99.20000
     -33.63080      91.13000
     -33.42280      17.87000
     -33.21380      15.97000
     -33.00580       4.77100
     -32.79680      -0.06126
     -32.58880      -0.00000
     -32.38080       0.00000
     -32.17180       0.00000
     -31.96380       0.00000
     -31.75480      -0.00000
     -31.54680      -0.00000
     -31.33880      -0.00000
     -31.12980      -0.00181
     -30.92180       0.04919
     -30.71280      13.47000
     -30.50480      77.32000
     -30.29680      95.12000
     -30.08780      74.05000
     -29.87980     103.10000
     -29.67080     108.90000
     -29.46280      47.23000
     -29.25480      -1.00900
     -29.04580      -0.00122
     -28.83780      -0.00000
     -28.62880       0.00000
     -28.42080       0.00000
     -28.21280       0.00000
     -28.00380       0.00000
     -27.79580       0.00000
     -27.58680       0.00000
     -27.37880       0.00000
     -27.17080       0.00000
     -26.96180       0.00000
     -26.75380       0.00000
     -26.54480       0.00000
     -26.33680       0.00000
     -26.12880       0.00000
     -25.91980       0.00000
     -25.71180       0.00000
     -25.50280       0.00000
     -25.29480       0.00000
     -25.08680       0.00000
     -24.87780       0.00000
     -24.66980       0.00000
     -24.46080       0.00000
     -24.25280       0.00000
     -24.04480       0.00000
     -23.83580       0.00000
     -23.62780       0.00000
     -23.41880       0.00000
     -23.21080       0.00000
     -23.00280       0.00000
     -22.79380       0.00000
     -22.58580       0.00000
     -22.37680       0.00000
     -22.16880       0.00000
     -21.96080       0.00000
     -21.75180       0.00000
     -21.54380       0.00000
     -21.33480       0.00000
     -21.12680       0.00000
     -20.91880       0.00000
     -20.70980       0.00000
     -20.50180       0.00000
     -20.29280       0.00000
     -20.08480       0.00000
     -19.87680       0.00000
     -19.66780       0.00000
     -19.45980       0.00000
     -19.25080       0.00000
     -19.04280       0.00000
     -18.83380       0.00000
     -18.62580       0.00000
     -18.41780       0.00000
     -18.20880       0.00000
     -18.00080       0.00000
     -17.79180       0.00000
     -17.58380       0.00000
     -17.37580       0.00000
     -17.16680       0.00000
     -16.95880       0.00000
     -16.74980       0.00000
     -16.54180       0.00000
     -16.33380       0.00000
     -16.12480       0.00000
     -15.91680       0.00000
     -15.70780       0.00000
     -15.49980       0.00000
     -15.29180       0.00000
     -15.08280       0.00000
     -14.87480       0.00000
     -14.66580       0.00000
     -14.45780       0.00000
     -14.24980       0.00000
     -14.04080       0.00000
     -13.83280       0.00000
     -13.62380       0.00000
     -13.41580       0.00000
     -13.20780       0.00000
     -12.99880       0.00000
     -12.79080       0.00000
     -12.58180       0.00000
     -12.37380       0.00000
     -12.16580       0.00000
     -11.95680       0.00000
     -11.74880       0.00000
     -11.53980       0.00000
     -11.33180       0.00000
     -11.12380       0.00000
     -10.91480       0.00000
     -10.70680       0.00000
     -10.49780       0.00000
     -10.28980       0.00000
     -10.08180       0.00000
      -9.87280       0.00000
      -9.66480       0.00000
      -9.45580       0.00000
      -9.24780       0.00000
      -9.03980       0.00000
      -8.83080       0.00000
      -8.62280       0.00000
      -8.41380       0.00000
      -8.20580       0.00000
      -7.99780      -0.00000
      -7.78880      -0.00000
      -7.58080      -0.00000
      -7.37180      -0.00028
      -7.16380       0.03216
      -6.95580       0.79720
      -6.74680       1.47300
      -6.53880       2.11000
      -6.32980       1.84900
      -6.12180       3.10100
      -5.91380       2.89600
      -5.70480       3.30500
      -5.49680       4.27900
      -5.28780       3.88600
      -5.07980       5.37700
      -4.87180       5.24200
      -4.66280       6.10800
      -4.45480       7.20200
      -4.24580       8.58800
      -4.03780      11.66000
      -3.82980      16.38000
      -3.62080      24.02000
      -3.41280      25.85000
      -3.20380      28.47000
      -2.99580      32.65000
      -2.78780      37.88000
      -2.57880      41.37000
      -2.37080      42.12000
      -2.16180      33.14000
      -1.95380      23.92000
      -1.74580      29.44000
      -1.53680      45.73000
      -1.32880      62.00000
      -1.11980      60.70000
      -0.91180      58.12000
      -0.70380      56.21000
      -0.49480      56.53000
      -0.28680      54.51000
      -0.07780      49.43000
       0.13020      44.32000
       0.33820      39.77000
       0.54720      32.84000
       0.75520      25.64000
       0.96420      30.87000
       1.17220      36.58000
       1.38120      40.56000
       1.58920      46.06000
       1.79720      43.64000
       2.00620      39.58000
       2.21420      40.03000
       2.42320      27.53000
       2.63120       1.79000
       2.83920      -0.03029
       3.04820      -0.00000
       3.25620      -0.00000
       3.46520       0.00000
       3.67320       0.00000
       3.88120       0.00000
       4.09020       0.00000
       4.29820       0.00000
       4.50720       0.00000
       4.71520       0.00000
       4.92320       0.00000
       5.13220       0.00000
       5.34020       0.00000
