      #Energy        TDOS
     -67.17327       0.00000
     -66.93027       0.00000
     -66.68727       0.00000
     -66.44427       0.00000
     -66.20127       0.00000
     -65.95827       0.00000
     -65.71527       0.00000
     -65.47327       0.00000
     -65.23027       0.00000
     -64.98727       0.00000
     -64.74427      -0.00000
     -64.50127      -0.00000
     -64.25827      -0.00000
     -64.01527      -0.32680
     -63.77227      30.92000
     -63.52927     123.30000
     -63.28627       2.57300
     -63.04327      -0.00528
     -62.80027      -0.00000
     -62.55727       0.00000
     -62.31427       0.00000
     -62.07127       0.00000
     -61.82927       0.00000
     -61.58627       0.00000
     -61.34327       0.00000
     -61.10027       0.00000
     -60.85727       0.00000
     -60.61427       0.00000
     -60.37127       0.00000
     -60.12827       0.00000
     -59.88527       0.00000
     -59.64227       0.00000
     -59.39927       0.00000
     -59.15627       0.00000
     -58.91327       0.00000
     -58.67027       0.00000
     -58.42727       0.00000
     -58.18427       0.00000
     -57.94227       0.00000
     -57.69927       0.00000
     -57.45627       0.00000
     -57.21327       0.00000
     -56.97027       0.00000
     -56.72727       0.00000
     -56.48427       0.00000
     -56.24127       0.00000
     -55.99827       0.00000
     -55.75527       0.00000
     -55.51227       0.00000
     -55.26927       0.00000
     -55.02627      -0.00000
     -54.78327      -0.00000
     -54.54027      -0.00000
     -54.29827      -0.22410
     -54.05527      16.65000
     -53.81227      16.74000
     -53.56927      -0.23040
     -53.32627      -0.00000
     -53.08327       0.00000
     -52.84027       0.00000
     -52.59727       0.00000
     -52.35427       0.00000
     -52.11127       0.00000
     -51.86827       0.00000
     -51.62527       0.00000
     -51.38227       0.00000
     -51.13927       0.00000
     -50.89627       0.00000
     -50.65427       0.00000
     -50.41127       0.00000
     -50.16827       0.00000
     -49.92527       0.00000
     -49.68227       0.00000
     -49.43927       0.00000
     -49.19627       0.00000
     -48.95327      -0.00000
     -48.71027      -0.00000
     -48.46727      -0.00000
     -48.22427      -0.01463
     -47.98127       4.19900
     -47.73827      17.53000
     -47.49527       2.98700
     -47.25227      -0.00366
     -47.01027      -0.00000
     -46.76727       0.00000
     -46.52427       0.00000
     -46.28127       0.00000
     -46.03827       0.00000
     -45.79527       0.00000
     -45.55227       0.00000
     -45.30927       0.00000
     -45.06627       0.00000
     -44.82327       0.00000
     -44.58027       0.00000
     -44.33727       0.00000
     -44.09427       0.00000
     -43.85127       0.00000
     -43.60827       0.00000
     -43.36627       0.00000
     -43.12327       0.00000
     -42.88027       0.00000
     -42.63727       0.00000
     -42.39427       0.00000
     -42.15127       0.00000
     -41.90827       0.00000
     -41.66527       0.00000
     -41.42227       0.00000
     -41.17927       0.00000
     -40.93627       0.00000
     -40.69327       0.00000
     -40.45027       0.00000
     -40.20727       0.00000
     -39.96427       0.00000
     -39.72127       0.00000
     -39.47927       0.00000
     -39.23627       0.00000
     -38.99327       0.00000
     -38.75027      -0.00000
     -38.50727      -0.00000
     -38.26427      -0.00000
     -38.02127      -0.44170
     -37.77827      51.28000
     -37.53527     185.00000
     -37.29227     214.50000
     -37.04927      19.13000
     -36.80627      -0.12630
     -36.56327      -0.00000
     -36.32027       0.00000
     -36.07727       0.00000
     -35.83527       0.00000
     -35.59227       0.00000
     -35.34927       0.00000
     -35.10627       0.00000
     -34.86327      -0.00000
     -34.62027      -0.00000
     -34.37727      -0.00020
     -34.13427      -0.32200
     -33.89127      32.77000
     -33.64827     117.60000
     -33.40527      78.59000
     -33.16227      18.67000
     -32.91927      -0.28960
     -32.67627      -0.00000
     -32.43327       0.00000
     -32.19127       0.00000
     -31.94827       0.00000
     -31.70527       0.00000
     -31.46227      -0.00000
     -31.21927      -0.00000
     -30.97627      -0.00000
     -30.73327      -0.01340
     -30.49027       4.13400
     -30.24727      14.90000
     -30.00427      72.12000
     -29.76127       7.86200
     -29.51827      -0.21050
     -29.27527      -0.00000
     -29.03227       0.00000
     -28.78927       0.00000
     -28.54727       0.00000
     -28.30427       0.00000
     -28.06127       0.00000
     -27.81827       0.00000
     -27.57527       0.00000
     -27.33227      -0.00000
     -27.08927      -0.00000
     -26.84627      -0.00000
     -26.60327      -0.00327
     -26.36027       2.13500
     -26.11727      10.11000
     -25.87427      45.79000
     -25.63127      16.37000
     -25.38827      -0.30100
     -25.14527      -0.00002
     -24.90327       0.00000
     -24.66027       0.00000
     -24.41727       0.00000
     -24.17427       0.00000
     -23.93127       0.00000
     -23.68827       0.00000
     -23.44527       0.00000
     -23.20227       0.00000
     -22.95927       0.00000
     -22.71627       0.00000
     -22.47327       0.00000
     -22.23027       0.00000
     -21.98727       0.00000
     -21.74427       0.00000
     -21.50127       0.00000
     -21.25827       0.00000
     -21.01627       0.00000
     -20.77327       0.00000
     -20.53027       0.00000
     -20.28727       0.00000
     -20.04427       0.00000
     -19.80127       0.00000
     -19.55827       0.00000
     -19.31527       0.00000
     -19.07227       0.00000
     -18.82927       0.00000
     -18.58627       0.00000
     -18.34327       0.00000
     -18.10027       0.00000
     -17.85727       0.00000
     -17.61427       0.00000
     -17.37227       0.00000
     -17.12927       0.00000
     -16.88627       0.00000
     -16.64327       0.00000
     -16.40027       0.00000
     -16.15727       0.00000
     -15.91427       0.00000
     -15.67127       0.00000
     -15.42827       0.00000
     -15.18527       0.00000
     -14.94227       0.00000
     -14.69927       0.00000
     -14.45627       0.00000
     -14.21327       0.00000
     -13.97027       0.00000
     -13.72827       0.00000
     -13.48527       0.00000
     -13.24227       0.00000
     -12.99927       0.00000
     -12.75627       0.00000
     -12.51327       0.00000
     -12.27027       0.00000
     -12.02727       0.00000
     -11.78427       0.00000
     -11.54127       0.00000
     -11.29827       0.00000
     -11.05527       0.00000
     -10.81227       0.00000
     -10.56927       0.00000
     -10.32627       0.00000
     -10.08427       0.00000
      -9.84127       0.00000
      -9.59827       0.00000
      -9.35527       0.00000
      -9.11227       0.00000
      -8.86927       0.00000
      -8.62627       0.00000
      -8.38327       0.00000
      -8.14027       0.00000
      -7.89727       0.00000
      -7.65427      -0.00000
      -7.41127      -0.00000
      -7.16827      -0.00001
      -6.92527       0.00083
      -6.68227       0.73150
      -6.43927       1.49300
      -6.19727       2.13000
      -5.95427       2.71500
      -5.71127       2.85100
      -5.46827       3.37000
      -5.22527       4.78300
      -4.98227       4.71000
      -4.73927       4.82400
      -4.49627       5.87400
      -4.25327       6.43100
      -4.01027       8.05100
      -3.76727      11.18000
      -3.52427      19.28000
      -3.28127      25.04000
      -3.03827      28.84000
      -2.79527      32.59000
      -2.55327      38.45000
      -2.31027      42.40000
      -2.06727      40.64000
      -1.82427      28.41000
      -1.58127      26.24000
      -1.33827      44.48000
      -1.09527      57.97000
      -0.85227      63.79000
      -0.60927      61.73000
      -0.36627      63.26000
      -0.12327      65.16000
       0.11973      59.33000
       0.36273      46.78000
       0.60573      30.88000
       0.84873      19.34000
       1.09073      21.24000
       1.33373      22.96000
       1.57673      35.72000
       1.81973      49.57000
       2.06273      62.40000
       2.30573      64.15000
       2.54873       9.94500
       2.79173      -0.06417
       3.03473      -0.00000
       3.27773       0.00000
       3.52073       0.00000
       3.76373       0.00000
       4.00673       0.00000
       4.24973       0.00000
       4.49273       0.00000
       4.73473       0.00000
       4.97773       0.00000
       5.22073       0.00000
       5.46373       0.00000
       5.70673       0.00000
