      #Energy        TDOS
     -63.42621       0.00000
     -63.19421       0.00000
     -62.96221       0.00000
     -62.73021       0.00000
     -62.49821       0.00000
     -62.26621       0.00000
     -62.03421       0.00000
     -61.80221       0.00000
     -61.57021       0.00000
     -61.33821       0.00000
     -61.10621      -0.00000
     -60.87421      -0.00000
     -60.64121      -0.00000
     -60.40921      -0.26920
     -60.17721      16.61000
     -59.94521      44.80000
     -59.71321      -0.80140
     -59.48121      -0.00001
     -59.24921       0.00000
     -59.01721       0.00000
     -58.78521       0.00000
     -58.55321       0.00000
     -58.32121       0.00000
     -58.08921       0.00000
     -57.85721       0.00000
     -57.62521      -0.00000
     -57.39321      -0.00000
     -57.16121      -0.00000
     -56.92921      -0.00032
     -56.69721      -0.56360
     -56.46521      39.13000
     -56.23321      21.96000
     -56.00021      -0.19550
     -55.76821      -0.00000
     -55.53621       0.00000
     -55.30421      -0.00000
     -55.07221      -0.00000
     -54.84021      -0.00000
     -54.60821      -0.03562
     -54.37621       7.93800
     -54.14421      55.46000
     -53.91221       5.60900
     -53.68021      -0.01898
     -53.44821      -0.00000
     -53.21621       0.00000
     -52.98421       0.00000
     -52.75221       0.00000
     -52.52021       0.00000
     -52.28821       0.00000
     -52.05621       0.00000
     -51.82421       0.00000
     -51.59121       0.00000
     -51.35921       0.00000
     -51.12721       0.00000
     -50.89521       0.00000
     -50.66321       0.00000
     -50.43121       0.00000
     -50.19921       0.00000
     -49.96721       0.00000
     -49.73521       0.00000
     -49.50321       0.00000
     -49.27121       0.00000
     -49.03921       0.00000
     -48.80721       0.00000
     -48.57521       0.00000
     -48.34321       0.00000
     -48.11121       0.00000
     -47.87921       0.00000
     -47.64721       0.00000
     -47.41521       0.00000
     -47.18321       0.00000
     -46.95021       0.00000
     -46.71821       0.00000
     -46.48621       0.00000
     -46.25421       0.00000
     -46.02221       0.00000
     -45.79021       0.00000
     -45.55821       0.00000
     -45.32621       0.00000
     -45.09421       0.00000
     -44.86221       0.00000
     -44.63021       0.00000
     -44.39821       0.00000
     -44.16621       0.00000
     -43.93421       0.00000
     -43.70221       0.00000
     -43.47021       0.00000
     -43.23821       0.00000
     -43.00621       0.00000
     -42.77421       0.00000
     -42.54221       0.00000
     -42.30921       0.00000
     -42.07721       0.00000
     -41.84521       0.00000
     -41.61321       0.00000
     -41.38121       0.00000
     -41.14921       0.00000
     -40.91721       0.00000
     -40.68521       0.00000
     -40.45321       0.00000
     -40.22121       0.00000
     -39.98921       0.00000
     -39.75721       0.00000
     -39.52521       0.00000
     -39.29321       0.00000
     -39.06121       0.00000
     -38.82921       0.00000
     -38.59721       0.00000
     -38.36521       0.00000
     -38.13321       0.00000
     -37.90021       0.00000
     -37.66821       0.00000
     -37.43621       0.00000
     -37.20421       0.00000
     -36.97221       0.00000
     -36.74021       0.00000
     -36.50821       0.00000
     -36.27621       0.00000
     -36.04421       0.00000
     -35.81221       0.00000
     -35.58021      -0.00000
     -35.34821      -0.00000
     -35.11621      -0.00000
     -34.88421      -0.00039
     -34.65221      -0.64550
     -34.42021      45.42000
     -34.18821     122.80000
     -33.95621      48.48000
     -33.72421      60.86000
     -33.49221      71.41000
     -33.25921      13.97000
     -33.02721      -0.94540
     -32.79521      59.01000
     -32.56321     122.50000
     -32.33121       0.12760
     -32.09921      -0.00522
     -31.86721      -0.00000
     -31.63521      -0.00000
     -31.40321      -0.00000
     -31.17121      -0.00001
     -30.93921      -0.26370
     -30.70721      14.07000
     -30.47521      60.34000
     -30.24321      71.92000
     -30.01121     102.10000
     -29.77921      85.34000
     -29.54721      55.17000
     -29.31521      -0.78930
     -29.08321      -0.00046
     -28.85021      -0.00000
     -28.61821       0.00000
     -28.38621       0.00000
     -28.15421       0.00000
     -27.92221       0.00000
     -27.69021       0.00000
     -27.45821       0.00000
     -27.22621       0.00000
     -26.99421       0.00000
     -26.76221       0.00000
     -26.53021       0.00000
     -26.29821       0.00000
     -26.06621       0.00000
     -25.83421       0.00000
     -25.60221       0.00000
     -25.37021       0.00000
     -25.13821       0.00000
     -24.90621       0.00000
     -24.67421       0.00000
     -24.44221       0.00000
     -24.20921       0.00000
     -23.97721       0.00000
     -23.74521       0.00000
     -23.51321       0.00000
     -23.28121       0.00000
     -23.04921       0.00000
     -22.81721       0.00000
     -22.58521       0.00000
     -22.35321       0.00000
     -22.12121       0.00000
     -21.88921       0.00000
     -21.65721       0.00000
     -21.42521       0.00000
     -21.19321       0.00000
     -20.96121       0.00000
     -20.72921       0.00000
     -20.49721       0.00000
     -20.26521       0.00000
     -20.03321       0.00000
     -19.80121       0.00000
     -19.56821       0.00000
     -19.33621       0.00000
     -19.10421       0.00000
     -18.87221       0.00000
     -18.64021       0.00000
     -18.40821       0.00000
     -18.17621       0.00000
     -17.94421       0.00000
     -17.71221       0.00000
     -17.48021       0.00000
     -17.24821       0.00000
     -17.01621       0.00000
     -16.78421       0.00000
     -16.55221       0.00000
     -16.32021       0.00000
     -16.08821       0.00000
     -15.85621       0.00000
     -15.62421       0.00000
     -15.39221       0.00000
     -15.15921       0.00000
     -14.92721       0.00000
     -14.69521       0.00000
     -14.46321       0.00000
     -14.23121       0.00000
     -13.99921       0.00000
     -13.76721       0.00000
     -13.53521       0.00000
     -13.30321       0.00000
     -13.07121       0.00000
     -12.83921       0.00000
     -12.60721       0.00000
     -12.37521       0.00000
     -12.14321       0.00000
     -11.91121       0.00000
     -11.67921       0.00000
     -11.44721       0.00000
     -11.21521       0.00000
     -10.98321       0.00000
     -10.75121       0.00000
     -10.51821       0.00000
     -10.28621       0.00000
     -10.05421       0.00000
      -9.82221       0.00000
      -9.59021       0.00000
      -9.35821       0.00000
      -9.12621       0.00000
      -8.89421       0.00000
      -8.66221       0.00000
      -8.43021       0.00000
      -8.19821       0.00000
      -7.96621       0.00000
      -7.73421      -0.00000
      -7.50221      -0.00000
      -7.27021      -0.00000
      -7.03821      -0.00045
      -6.80621       0.08342
      -6.57421       1.11100
      -6.34221       2.00000
      -6.11021       2.01600
      -5.87721       2.15900
      -5.64521       3.12200
      -5.41321       3.39400
      -5.18121       4.36600
      -4.94921       3.88900
      -4.71721       5.45300
      -4.48521       6.73500
      -4.25321       6.73300
      -4.02121       9.70500
      -3.78921      14.21000
      -3.55721      22.66000
      -3.32521      27.27000
      -3.09321      34.11000
      -2.86121      36.34000
      -2.62921      41.14000
      -2.39721      40.04000
      -2.16521      38.09000
      -1.93321      26.07000
      -1.70121      24.29000
      -1.46821      52.63000
      -1.23621      63.35000
      -1.00421      53.08000
      -0.77221      49.64000
      -0.54021      55.59000
      -0.30821      53.59000
      -0.07621      47.83000
       0.15579      45.10000
       0.38779      40.92000
       0.61979      35.89000
       0.85179      27.57000
       1.08379      18.41000
       1.31579      19.42000
       1.54779      20.82000
       1.77979      32.62000
       2.01179      40.34000
       2.24379      43.94000
       2.47579      49.69000
       2.70779      50.57000
       2.93979      47.20000
       3.17279       3.44700
       3.40479      -0.02175
       3.63679      -0.00000
       3.86879       0.00000
       4.10079       0.00000
       4.33279       0.00000
       4.56479       0.00000
       4.79679       0.00000
       5.02879       0.00000
       5.26079       0.00000
       5.49279       0.00000
       5.72479       0.00000
       5.95679       0.00000
       6.18879       0.00000
