      #Energy        TDOS
     -63.50386       0.00000
     -63.27086       0.00000
     -63.03786       0.00000
     -62.80486       0.00000
     -62.57086       0.00000
     -62.33786       0.00000
     -62.10486       0.00000
     -61.87086       0.00000
     -61.63786       0.00000
     -61.40486       0.00000
     -61.17186      -0.00000
     -60.93786      -0.00000
     -60.70486      -0.00000
     -60.47186      -0.27480
     -60.23786      15.06000
     -60.00486      19.84000
     -59.77186      -0.32840
     -59.53886      -0.00000
     -59.30486       0.00000
     -59.07186       0.00000
     -58.83886       0.00000
     -58.60486       0.00000
     -58.37186       0.00000
     -58.13886       0.00000
     -57.90586       0.00000
     -57.67186       0.00000
     -57.43886       0.00000
     -57.20586       0.00000
     -56.97186       0.00000
     -56.73886       0.00000
     -56.50586       0.00000
     -56.27286       0.00000
     -56.03886       0.00000
     -55.80586       0.00000
     -55.57286       0.00000
     -55.33986      -0.00000
     -55.10586      -0.00000
     -54.87286      -0.00004
     -54.63986      -0.33110
     -54.40586      18.21000
     -54.17286      61.13000
     -53.93986      15.56000
     -53.70686      -0.25820
     -53.47286      -0.00000
     -53.23986       0.00000
     -53.00686       0.00000
     -52.77286       0.00000
     -52.53986       0.00000
     -52.30686       0.00000
     -52.07386       0.00000
     -51.83986       0.00000
     -51.60686       0.00000
     -51.37386       0.00000
     -51.13986       0.00000
     -50.90686       0.00000
     -50.67386       0.00000
     -50.44086       0.00000
     -50.20686       0.00000
     -49.97386       0.00000
     -49.74086       0.00000
     -49.50686       0.00000
     -49.27386      -0.00000
     -49.04086      -0.00000
     -48.80786      -0.00000
     -48.57386      -0.00671
     -48.34086       2.72200
     -48.10786      40.32000
     -47.87386      17.18000
     -47.64086      -0.20150
     -47.40786      -0.00000
     -47.17486       0.00000
     -46.94086       0.00000
     -46.70786       0.00000
     -46.47486       0.00000
     -46.24186       0.00000
     -46.00786       0.00000
     -45.77486       0.00000
     -45.54186       0.00000
     -45.30786       0.00000
     -45.07486       0.00000
     -44.84186       0.00000
     -44.60886       0.00000
     -44.37486       0.00000
     -44.14186       0.00000
     -43.90886       0.00000
     -43.67486       0.00000
     -43.44186       0.00000
     -43.20886       0.00000
     -42.97586       0.00000
     -42.74186       0.00000
     -42.50886       0.00000
     -42.27586       0.00000
     -42.04186       0.00000
     -41.80886       0.00000
     -41.57586       0.00000
     -41.34286       0.00000
     -41.10886       0.00000
     -40.87586       0.00000
     -40.64286       0.00000
     -40.40886       0.00000
     -40.17586       0.00000
     -39.94286       0.00000
     -39.70986       0.00000
     -39.47586       0.00000
     -39.24286       0.00000
     -39.00986       0.00000
     -38.77586       0.00000
     -38.54286       0.00000
     -38.30986       0.00000
     -38.07686       0.00000
     -37.84286       0.00000
     -37.60986       0.00000
     -37.37686       0.00000
     -37.14286       0.00000
     -36.90986       0.00000
     -36.67686       0.00000
     -36.44386       0.00000
     -36.20986       0.00000
     -35.97686       0.00000
     -35.74386       0.00000
     -35.51086      -0.00000
     -35.27686      -0.00000
     -35.04386      -0.00000
     -34.81086      -0.23640
     -34.57686      12.74000
     -34.34386      38.69000
     -34.11086      51.97000
     -33.87786      -0.29300
     -33.64386      -0.00076
     -33.41086      -0.00000
     -33.17786       0.00000
     -32.94386       0.00000
     -32.71086       0.00000
     -32.47786       0.00000
     -32.24486       0.00000
     -32.01086       0.00000
     -31.77786      -0.00000
     -31.54486      -0.00000
     -31.31086      -0.00000
     -31.07786      -0.10340
     -30.84486       8.99700
     -30.61186      96.14000
     -30.37786     130.00000
     -30.14486     157.30000
     -29.91186     201.70000
     -29.67786      49.90000
     -29.44486      -0.84900
     -29.21186      -0.00002
     -28.97886       0.00000
     -28.74486       0.00000
     -28.51186       0.00000
     -28.27886       0.00000
     -28.04486       0.00000
     -27.81186       0.00000
     -27.57886      -0.00000
     -27.34586      -0.00000
     -27.11186      -0.00000
     -26.87886      -0.00017
     -26.64586      -0.87970
     -26.41286      37.93000
     -26.17886      86.08000
     -25.94586      50.57000
     -25.71286       6.39100
     -25.47886      -0.04479
     -25.24586      -0.00000
     -25.01286       0.00000
     -24.77986       0.00000
     -24.54586       0.00000
     -24.31286       0.00000
     -24.07986       0.00000
     -23.84586       0.00000
     -23.61286       0.00000
     -23.37986       0.00000
     -23.14686       0.00000
     -22.91286       0.00000
     -22.67986       0.00000
     -22.44686       0.00000
     -22.21286       0.00000
     -21.97986       0.00000
     -21.74686       0.00000
     -21.51386       0.00000
     -21.27986       0.00000
     -21.04686       0.00000
     -20.81386       0.00000
     -20.57986       0.00000
     -20.34686       0.00000
     -20.11386       0.00000
     -19.88086       0.00000
     -19.64686       0.00000
     -19.41386       0.00000
     -19.18086       0.00000
     -18.94686       0.00000
     -18.71386       0.00000
     -18.48086       0.00000
     -18.24786       0.00000
     -18.01386       0.00000
     -17.78086       0.00000
     -17.54786       0.00000
     -17.31386       0.00000
     -17.08086       0.00000
     -16.84786       0.00000
     -16.61486       0.00000
     -16.38086       0.00000
     -16.14786       0.00000
     -15.91486       0.00000
     -15.68186       0.00000
     -15.44786       0.00000
     -15.21486       0.00000
     -14.98186       0.00000
     -14.74786       0.00000
     -14.51486       0.00000
     -14.28186       0.00000
     -14.04886       0.00000
     -13.81486       0.00000
     -13.58186       0.00000
     -13.34886       0.00000
     -13.11486       0.00000
     -12.88186       0.00000
     -12.64886       0.00000
     -12.41586       0.00000
     -12.18186       0.00000
     -11.94886       0.00000
     -11.71586       0.00000
     -11.48186       0.00000
     -11.24886       0.00000
     -11.01586       0.00000
     -10.78286       0.00000
     -10.54886       0.00000
     -10.31586       0.00000
     -10.08286       0.00000
      -9.84886       0.00000
      -9.61586       0.00000
      -9.38286       0.00000
      -9.14986       0.00000
      -8.91586       0.00000
      -8.68286       0.00000
      -8.44986       0.00000
      -8.21586       0.00000
      -7.98286       0.00000
      -7.74986       0.00000
      -7.51686       0.00000
      -7.28286      -0.00000
      -7.04986      -0.00000
      -6.81686      -0.00000
      -6.58386      -0.00760
      -6.34986       0.39880
      -6.11686       1.59000
      -5.88386       2.28000
      -5.64986       1.97800
      -5.41686       3.01000
      -5.18386       3.67300
      -4.95086       4.35700
      -4.71686       4.43500
      -4.48386       5.88000
      -4.25086       6.70300
      -4.01686       7.60200
      -3.78386       9.34500
      -3.55086      15.81000
      -3.31786      23.32000
      -3.08386      27.28000
      -2.85086      34.32000
      -2.61786      39.53000
      -2.38386      40.51000
      -2.15086      42.02000
      -1.91786      35.69000
      -1.68486      24.10000
      -1.45086      41.13000
      -1.21786      56.77000
      -0.98486      53.34000
      -0.75086      48.89000
      -0.51786      53.49000
      -0.28486      51.93000
      -0.05186      49.47000
       0.18214      43.67000
       0.41514      44.41000
       0.64814      40.37000
       0.88214      34.32000
       1.11514      28.46000
       1.34814      21.81000
       1.58114      20.99000
       1.81514      27.56000
       2.04814      35.66000
       2.28114      40.02000
       2.51514      42.96000
       2.74814      43.04000
       2.98114      42.39000
       3.21414      39.39000
       3.44814       6.43200
       3.68114      -0.06203
       3.91414      -0.00000
       4.14714       0.00000
       4.38114       0.00000
       4.61414       0.00000
       4.84714       0.00000
       5.08114       0.00000
       5.31414       0.00000
       5.54714       0.00000
       5.78014       0.00000
       6.01414       0.00000
       6.24714       0.00000
       6.48014       0.00000
