      #Energy        TDOS
     -77.28441       0.00000
     -77.00341       0.00000
     -76.72241       0.00000
     -76.44141       0.00000
     -76.16041       0.00000
     -75.87941       0.00000
     -75.59841       0.00000
     -75.31741       0.00000
     -75.03641       0.00000
     -74.75541       0.00000
     -74.47441      -0.00000
     -74.19341      -0.00000
     -73.91241      -0.00000
     -73.63141      -0.11100
     -73.35041      11.77000
     -73.06941      37.47000
     -72.78841       0.69200
     -72.50741      -0.00011
     -72.22641       0.00000
     -71.94541       0.00000
     -71.66441       0.00000
     -71.38341       0.00000
     -71.10241       0.00000
     -70.82141       0.00000
     -70.54041       0.00000
     -70.25941       0.00000
     -69.97841       0.00000
     -69.69741       0.00000
     -69.41641       0.00000
     -69.13541       0.00000
     -68.85441       0.00000
     -68.57341       0.00000
     -68.29241       0.00000
     -68.01141       0.00000
     -67.73041       0.00000
     -67.44941       0.00000
     -67.16841       0.00000
     -66.88741       0.00000
     -66.60641       0.00000
     -66.32541       0.00000
     -66.04441       0.00000
     -65.76341       0.00000
     -65.48241       0.00000
     -65.20141       0.00000
     -64.92041       0.00000
     -64.63941       0.00000
     -64.35841       0.00000
     -64.07741       0.00000
     -63.79641       0.00000
     -63.51541       0.00000
     -63.23441       0.00000
     -62.95341       0.00000
     -62.67241       0.00000
     -62.39241       0.00000
     -62.11141       0.00000
     -61.83041       0.00000
     -61.54941       0.00000
     -61.26841       0.00000
     -60.98741       0.00000
     -60.70641       0.00000
     -60.42541       0.00000
     -60.14441       0.00000
     -59.86341       0.00000
     -59.58241       0.00000
     -59.30141       0.00000
     -59.02041       0.00000
     -58.73941       0.00000
     -58.45841       0.00000
     -58.17741       0.00000
     -57.89641       0.00000
     -57.61541      -0.00000
     -57.33441      -0.00000
     -57.05341      -0.00000
     -56.77241      -0.09377
     -56.49141      20.22000
     -56.21041      35.29000
     -55.92941       1.51800
     -55.64841      -0.00031
     -55.36741      -0.00000
     -55.08641      -0.00000
     -54.80541      -0.00000
     -54.52441      -0.01693
     -54.24341       9.27400
     -53.96241      36.84000
     -53.68141       3.73100
     -53.40041      -0.00266
     -53.11941       0.00000
     -52.83841       0.00000
     -52.55741       0.00000
     -52.27641       0.00000
     -51.99541       0.00000
     -51.71441       0.00000
     -51.43341       0.00000
     -51.15241       0.00000
     -50.87141       0.00000
     -50.59041       0.00000
     -50.30941       0.00000
     -50.02841       0.00000
     -49.74741       0.00000
     -49.46641       0.00000
     -49.18541       0.00000
     -48.90441       0.00000
     -48.62341       0.00000
     -48.34241       0.00000
     -48.06141       0.00000
     -47.78041       0.00000
     -47.49941       0.00000
     -47.21841       0.00000
     -46.93741       0.00000
     -46.65641       0.00000
     -46.37541       0.00000
     -46.09441       0.00000
     -45.81341       0.00000
     -45.53241       0.00000
     -45.25141       0.00000
     -44.97041       0.00000
     -44.68941       0.00000
     -44.40841       0.00000
     -44.12741       0.00000
     -43.84641       0.00000
     -43.56541       0.00000
     -43.28441       0.00000
     -43.00341       0.00000
     -42.72241       0.00000
     -42.44141       0.00000
     -42.16041       0.00000
     -41.87941       0.00000
     -41.59841       0.00000
     -41.31741       0.00000
     -41.03641       0.00000
     -40.75541       0.00000
     -40.47441       0.00000
     -40.19341       0.00000
     -39.91241       0.00000
     -39.63141       0.00000
     -39.35041       0.00000
     -39.06941       0.00000
     -38.78841      -0.00000
     -38.50741      -0.00000
     -38.22641      -0.00001
     -37.94541      -0.47480
     -37.66441      28.30000
     -37.38341      73.26000
     -37.10241      48.66000
     -36.82141      -0.28500
     -36.54041      -0.00000
     -36.25941       0.00000
     -35.97841       0.00000
     -35.69741       0.00000
     -35.41641       0.00000
     -35.13541      -0.00000
     -34.85441      -0.00000
     -34.57341      -0.00000
     -34.29241      -0.03617
     -34.01141      11.77000
     -33.73041      97.05000
     -33.44941      40.63000
     -33.16841       0.05010
     -32.88741       2.47600
     -32.60641     123.10000
     -32.32541      45.67000
     -32.04441      -0.39930
     -31.76341      -0.00000
     -31.48241      -0.00000
     -31.20141      -0.00000
     -30.92041      -0.05780
     -30.63941      14.17000
     -30.35841      42.50000
     -30.07741      84.39000
     -29.79641     127.00000
     -29.51541      31.32000
     -29.23441      -0.36180
     -28.95341      -0.00000
     -28.67241       0.00000
     -28.39141       0.00000
     -28.11041       0.00000
     -27.82941       0.00000
     -27.54841       0.00000
     -27.26741       0.00000
     -26.98641       0.00000
     -26.70541       0.00000
     -26.42441       0.00000
     -26.14341       0.00000
     -25.86241       0.00000
     -25.58141       0.00000
     -25.30041       0.00000
     -25.01941       0.00000
     -24.73841       0.00000
     -24.45741       0.00000
     -24.17641       0.00000
     -23.89541       0.00000
     -23.61441       0.00000
     -23.33341       0.00000
     -23.05241       0.00000
     -22.77141       0.00000
     -22.49041       0.00000
     -22.20941       0.00000
     -21.92841       0.00000
     -21.64741       0.00000
     -21.36641       0.00000
     -21.08541       0.00000
     -20.80441       0.00000
     -20.52341       0.00000
     -20.24241       0.00000
     -19.96141       0.00000
     -19.68041       0.00000
     -19.39941       0.00000
     -19.11841       0.00000
     -18.83741       0.00000
     -18.55741       0.00000
     -18.27641       0.00000
     -17.99541       0.00000
     -17.71441       0.00000
     -17.43341       0.00000
     -17.15241       0.00000
     -16.87141       0.00000
     -16.59041       0.00000
     -16.30941       0.00000
     -16.02841       0.00000
     -15.74741       0.00000
     -15.46641       0.00000
     -15.18541       0.00000
     -14.90441       0.00000
     -14.62341       0.00000
     -14.34241       0.00000
     -14.06141       0.00000
     -13.78041       0.00000
     -13.49941       0.00000
     -13.21841       0.00000
     -12.93741       0.00000
     -12.65641       0.00000
     -12.37541       0.00000
     -12.09441       0.00000
     -11.81341       0.00000
     -11.53241       0.00000
     -11.25141       0.00000
     -10.97041       0.00000
     -10.68941       0.00000
     -10.40841       0.00000
     -10.12741       0.00000
      -9.84641       0.00000
      -9.56541       0.00000
      -9.28441       0.00000
      -9.00341       0.00000
      -8.72241       0.00000
      -8.44141       0.00000
      -8.16041      -0.00000
      -7.87941      -0.00000
      -7.59841      -0.00000
      -7.31741      -0.00530
      -7.03641       0.46240
      -6.75541       1.48700
      -6.47441       2.13200
      -6.19341       3.07200
      -5.91241       3.39400
      -5.63141       3.67500
      -5.35041       4.59400
      -5.06941       5.26200
      -4.78841       5.35200
      -4.50741       6.88500
      -4.22641       9.49900
      -3.94541      15.37000
      -3.66441      21.06000
      -3.38341      25.28000
      -3.10241      30.80000
      -2.82141      34.24000
      -2.54041      37.99000
      -2.25941      36.81000
      -1.97841      23.31000
      -1.69741      24.97000
      -1.41641      53.14000
      -1.13541      54.07000
      -0.85441      50.57000
      -0.57341      52.86000
      -0.29241      52.24000
      -0.01141      51.68000
       0.26959      42.31000
       0.55059      37.93000
       0.83159      31.69000
       1.11259      20.92000
       1.39359      16.41000
       1.67459      24.82000
       1.95559      32.05000
       2.23659      37.11000
       2.51759      41.67000
       2.79859      48.48000
       3.07959      47.58000
       3.36059       5.31500
       3.64159      -0.00843
       3.92259      -0.00000
       4.20359       0.00000
       4.48459       0.00000
       4.76559       0.00000
       5.04659       0.00000
       5.32759       0.00000
       5.60859       0.00000
       5.88959       0.00000
       6.17059       0.00000
       6.45159       0.00000
       6.73259       0.00000
       7.01359       0.00000
