      #Energy        TDOS
     -63.58317       0.00000
     -63.35117       0.00000
     -63.11917       0.00000
     -62.88717       0.00000
     -62.65517       0.00000
     -62.42317       0.00000
     -62.19217       0.00000
     -61.96017       0.00000
     -61.72817       0.00000
     -61.49617       0.00000
     -61.26417      -0.00000
     -61.03217      -0.00000
     -60.80017      -0.00000
     -60.56917      -0.30740
     -60.33717      20.84000
     -60.10517      62.92000
     -59.87317      20.42000
     -59.64117      -0.34690
     -59.40917      -0.00001
     -59.17817       0.00000
     -58.94617       0.00000
     -58.71417       0.00000
     -58.48217       0.00000
     -58.25017       0.00000
     -58.01817       0.00000
     -57.78617       0.00000
     -57.55517      -0.00000
     -57.32317      -0.00000
     -57.09117      -0.00000
     -56.85917      -0.00009
     -56.62717      -0.34160
     -56.39517      26.64000
     -56.16317      74.12000
     -55.93217       3.11000
     -55.70017      -0.01195
     -55.46817      -0.00000
     -55.23617       0.00000
     -55.00417       0.00000
     -54.77217       0.00000
     -54.54117       0.00000
     -54.30917       0.00000
     -54.07717       0.00000
     -53.84517       0.00000
     -53.61317       0.00000
     -53.38117       0.00000
     -53.14917       0.00000
     -52.91817       0.00000
     -52.68617       0.00000
     -52.45417       0.00000
     -52.22217       0.00000
     -51.99017       0.00000
     -51.75817       0.00000
     -51.52617       0.00000
     -51.29517       0.00000
     -51.06317       0.00000
     -50.83117       0.00000
     -50.59917       0.00000
     -50.36717       0.00000
     -50.13517       0.00000
     -49.90417       0.00000
     -49.67217       0.00000
     -49.44017       0.00000
     -49.20817       0.00000
     -48.97617       0.00000
     -48.74417       0.00000
     -48.51217       0.00000
     -48.28117       0.00000
     -48.04917       0.00000
     -47.81717       0.00000
     -47.58517       0.00000
     -47.35317       0.00000
     -47.12117       0.00000
     -46.88917       0.00000
     -46.65817       0.00000
     -46.42617       0.00000
     -46.19417       0.00000
     -45.96217       0.00000
     -45.73017       0.00000
     -45.49817       0.00000
     -45.26717       0.00000
     -45.03517       0.00000
     -44.80317       0.00000
     -44.57117       0.00000
     -44.33917       0.00000
     -44.10717       0.00000
     -43.87517       0.00000
     -43.64417       0.00000
     -43.41217       0.00000
     -43.18017       0.00000
     -42.94817       0.00000
     -42.71617       0.00000
     -42.48417       0.00000
     -42.25217       0.00000
     -42.02117       0.00000
     -41.78917       0.00000
     -41.55717       0.00000
     -41.32517       0.00000
     -41.09317       0.00000
     -40.86117       0.00000
     -40.63017       0.00000
     -40.39817       0.00000
     -40.16617       0.00000
     -39.93417       0.00000
     -39.70217       0.00000
     -39.47017       0.00000
     -39.23817       0.00000
     -39.00717       0.00000
     -38.77517       0.00000
     -38.54317       0.00000
     -38.31117       0.00000
     -38.07917       0.00000
     -37.84717       0.00000
     -37.61517       0.00000
     -37.38417       0.00000
     -37.15217       0.00000
     -36.92017       0.00000
     -36.68817       0.00000
     -36.45617       0.00000
     -36.22417       0.00000
     -35.99317       0.00000
     -35.76117      -0.00000
     -35.52917      -0.00000
     -35.29717      -0.00000
     -35.06517      -0.11570
     -34.83317       9.54100
     -34.60117      75.73000
     -34.37017      92.30000
     -34.13817     112.70000
     -33.90617      70.83000
     -33.67417     106.30000
     -33.44217     114.90000
     -33.21017      39.14000
     -32.97917       0.07836
     -32.74717      33.19000
     -32.51517     160.50000
     -32.28317     118.00000
     -32.05117      -1.55100
     -31.81917      -0.00084
     -31.58717      -0.00000
     -31.35617       0.00000
     -31.12417       0.00000
     -30.89217       0.00000
     -30.66017       0.00000
     -30.42817       0.00000
     -30.19617       0.00000
     -29.96417       0.00000
     -29.73317       0.00000
     -29.50117       0.00000
     -29.26917       0.00000
     -29.03717       0.00000
     -28.80517       0.00000
     -28.57317       0.00000
     -28.34217       0.00000
     -28.11017       0.00000
     -27.87817       0.00000
     -27.64617       0.00000
     -27.41417       0.00000
     -27.18217       0.00000
     -26.95017       0.00000
     -26.71917       0.00000
     -26.48717       0.00000
     -26.25517       0.00000
     -26.02317       0.00000
     -25.79117       0.00000
     -25.55917       0.00000
     -25.32717       0.00000
     -25.09617       0.00000
     -24.86417       0.00000
     -24.63217       0.00000
     -24.40017       0.00000
     -24.16817       0.00000
     -23.93617       0.00000
     -23.70517       0.00000
     -23.47317       0.00000
     -23.24117       0.00000
     -23.00917       0.00000
     -22.77717       0.00000
     -22.54517       0.00000
     -22.31317       0.00000
     -22.08217       0.00000
     -21.85017       0.00000
     -21.61817       0.00000
     -21.38617       0.00000
     -21.15417       0.00000
     -20.92217       0.00000
     -20.69017       0.00000
     -20.45917       0.00000
     -20.22717       0.00000
     -19.99517       0.00000
     -19.76317       0.00000
     -19.53117       0.00000
     -19.29917       0.00000
     -19.06817       0.00000
     -18.83617       0.00000
     -18.60417       0.00000
     -18.37217       0.00000
     -18.14017       0.00000
     -17.90817       0.00000
     -17.67617       0.00000
     -17.44517       0.00000
     -17.21317       0.00000
     -16.98117       0.00000
     -16.74917       0.00000
     -16.51717       0.00000
     -16.28517       0.00000
     -16.05317       0.00000
     -15.82217       0.00000
     -15.59017       0.00000
     -15.35817       0.00000
     -15.12617       0.00000
     -14.89417       0.00000
     -14.66217       0.00000
     -14.43117       0.00000
     -14.19917       0.00000
     -13.96717       0.00000
     -13.73517       0.00000
     -13.50317       0.00000
     -13.27117       0.00000
     -13.03917       0.00000
     -12.80817       0.00000
     -12.57617       0.00000
     -12.34417       0.00000
     -12.11217       0.00000
     -11.88017       0.00000
     -11.64817       0.00000
     -11.41617       0.00000
     -11.18517       0.00000
     -10.95317       0.00000
     -10.72117       0.00000
     -10.48917       0.00000
     -10.25717       0.00000
     -10.02517       0.00000
      -9.79417       0.00000
      -9.56217       0.00000
      -9.33017       0.00000
      -9.09817       0.00000
      -8.86617       0.00000
      -8.63417       0.00000
      -8.40217       0.00000
      -8.17117       0.00000
      -7.93917      -0.00000
      -7.70717      -0.00000
      -7.47517      -0.00000
      -7.24317      -0.00004
      -7.01117       0.01357
      -6.77917       0.81150
      -6.54817       1.66900
      -6.31617       2.14300
      -6.08417       2.21800
      -5.85217       3.01400
      -5.62017       3.38000
      -5.38817       3.85200
      -5.15717       3.49000
      -4.92517       5.95300
      -4.69317       5.31200
      -4.46117       6.98300
      -4.22917       8.77500
      -3.99717      14.39000
      -3.76517      22.41000
      -3.53417      27.73000
      -3.30217      31.39000
      -3.07017      34.97000
      -2.83817      37.01000
      -2.60617      40.11000
      -2.37417      39.84000
      -2.14317      30.54000
      -1.91117      28.71000
      -1.67917      45.86000
      -1.44717      52.85000
      -1.21517      52.38000
      -0.98317      47.71000
      -0.75117      53.31000
      -0.52017      53.42000
      -0.28817      54.07000
      -0.05617      50.49000
       0.17583      45.21000
       0.40783      39.86000
       0.63983      28.00000
       0.87183      17.22000
       1.10283      18.06000
       1.33483      18.00000
       1.56683      24.19000
       1.79883      32.78000
       2.03083      41.30000
       2.26283      48.17000
       2.49383      52.34000
       2.72583      51.94000
       2.95783       8.59100
       3.18983      -0.07352
       3.42183      -0.00000
       3.65383       0.00000
       3.88583       0.00000
       4.11683       0.00000
       4.34883       0.00000
       4.58083       0.00000
       4.81283       0.00000
       5.04483       0.00000
       5.27683       0.00000
       5.50883       0.00000
       5.73983       0.00000
       5.97183       0.00000
