      #Energy        TDOS
     -78.08287       0.00000
     -77.79687       0.00000
     -77.50987       0.00000
     -77.22387       0.00000
     -76.93687       0.00000
     -76.65087       0.00000
     -76.36387       0.00000
     -76.07787       0.00000
     -75.79087       0.00000
     -75.50487       0.00000
     -75.21787      -0.00000
     -74.93187      -0.00000
     -74.64487      -0.00000
     -74.35887      -0.25620
     -74.07187      67.04000
     -73.78587      80.45000
     -73.49887      -0.62310
     -73.21287      -0.00000
     -72.92687       0.00000
     -72.63987       0.00000
     -72.35387       0.00000
     -72.06687       0.00000
     -71.78087       0.00000
     -71.49387       0.00000
     -71.20787       0.00000
     -70.92087       0.00000
     -70.63487       0.00000
     -70.34787       0.00000
     -70.06187       0.00000
     -69.77487       0.00000
     -69.48887       0.00000
     -69.20187       0.00000
     -68.91587       0.00000
     -68.62987       0.00000
     -68.34287       0.00000
     -68.05687       0.00000
     -67.76987       0.00000
     -67.48387       0.00000
     -67.19687       0.00000
     -66.91087       0.00000
     -66.62387       0.00000
     -66.33787       0.00000
     -66.05087       0.00000
     -65.76487       0.00000
     -65.47787       0.00000
     -65.19187       0.00000
     -64.90487       0.00000
     -64.61887       0.00000
     -64.33287       0.00000
     -64.04587       0.00000
     -63.75987       0.00000
     -63.47287       0.00000
     -63.18687       0.00000
     -62.89987       0.00000
     -62.61387       0.00000
     -62.32687       0.00000
     -62.04087      -0.00000
     -61.75387      -0.00000
     -61.46787      -0.00059
     -61.18087       2.69600
     -60.89487     116.20000
     -60.60787      27.98000
     -60.32187      -0.22430
     -60.03487      -0.00000
     -59.74887       0.00000
     -59.46287       0.00000
     -59.17587       0.00000
     -58.88987       0.00000
     -58.60287       0.00000
     -58.31687       0.00000
     -58.02987       0.00000
     -57.74387       0.00000
     -57.45687       0.00000
     -57.17087       0.00000
     -56.88387       0.00000
     -56.59787       0.00000
     -56.31087       0.00000
     -56.02487       0.00000
     -55.73787       0.00000
     -55.45187       0.00000
     -55.16587       0.00000
     -54.87887       0.00000
     -54.59287       0.00000
     -54.30587       0.00000
     -54.01987       0.00000
     -53.73287       0.00000
     -53.44687       0.00000
     -53.15987       0.00000
     -52.87387       0.00000
     -52.58687       0.00000
     -52.30087       0.00000
     -52.01387       0.00000
     -51.72787       0.00000
     -51.44087       0.00000
     -51.15487       0.00000
     -50.86787       0.00000
     -50.58187       0.00000
     -50.29587       0.00000
     -50.00887       0.00000
     -49.72287       0.00000
     -49.43587       0.00000
     -49.14987       0.00000
     -48.86287       0.00000
     -48.57687       0.00000
     -48.28987       0.00000
     -48.00387       0.00000
     -47.71687       0.00000
     -47.43087       0.00000
     -47.14387       0.00000
     -46.85787       0.00000
     -46.57087       0.00000
     -46.28487       0.00000
     -45.99887       0.00000
     -45.71187       0.00000
     -45.42587       0.00000
     -45.13887       0.00000
     -44.85287       0.00000
     -44.56587       0.00000
     -44.27987       0.00000
     -43.99287       0.00000
     -43.70687       0.00000
     -43.41987       0.00000
     -43.13387       0.00000
     -42.84687       0.00000
     -42.56087       0.00000
     -42.27387       0.00000
     -41.98787       0.00000
     -41.70187       0.00000
     -41.41487       0.00000
     -41.12887       0.00000
     -40.84187       0.00000
     -40.55587       0.00000
     -40.26887       0.00000
     -39.98287       0.00000
     -39.69587      -0.00000
     -39.40987      -0.00000
     -39.12287      -0.00004
     -38.83687      -0.37620
     -38.54987      80.15000
     -38.26387     162.30000
     -37.97687     146.80000
     -37.69087      51.46000
     -37.40387      -0.48020
     -37.11787      -0.00000
     -36.83187       0.00000
     -36.54487      -0.00000
     -36.25887      -0.00000
     -35.97187      -0.00004
     -35.68587      -0.13980
     -35.39887      59.44000
     -35.11287     120.10000
     -34.82587     181.10000
     -34.53987      80.35000
     -34.25287      -1.07900
     -33.96687      -0.00001
     -33.67987       0.00000
     -33.39387       0.00000
     -33.10687       0.00000
     -32.82087       0.00000
     -32.53487       0.00000
     -32.24787       0.00000
     -31.96187       0.00000
     -31.67487       0.00000
     -31.38887       0.00000
     -31.10187       0.00000
     -30.81587       0.00000
     -30.52887       0.00000
     -30.24287       0.00000
     -29.95587       0.00000
     -29.66987       0.00000
     -29.38287       0.00000
     -29.09687       0.00000
     -28.80987       0.00000
     -28.52387       0.00000
     -28.23687       0.00000
     -27.95087       0.00000
     -27.66487       0.00000
     -27.37787       0.00000
     -27.09187       0.00000
     -26.80487       0.00000
     -26.51887       0.00000
     -26.23187       0.00000
     -25.94587       0.00000
     -25.65887       0.00000
     -25.37287       0.00000
     -25.08587       0.00000
     -24.79987       0.00000
     -24.51287       0.00000
     -24.22687       0.00000
     -23.93987       0.00000
     -23.65387       0.00000
     -23.36787       0.00000
     -23.08087       0.00000
     -22.79487       0.00000
     -22.50787       0.00000
     -22.22187       0.00000
     -21.93487       0.00000
     -21.64887       0.00000
     -21.36187       0.00000
     -21.07587       0.00000
     -20.78887       0.00000
     -20.50287       0.00000
     -20.21587       0.00000
     -19.92987       0.00000
     -19.64287       0.00000
     -19.35687       0.00000
     -19.06987       0.00000
     -18.78387       0.00000
     -18.49787       0.00000
     -18.21087       0.00000
     -17.92487       0.00000
     -17.63787       0.00000
     -17.35187       0.00000
     -17.06487       0.00000
     -16.77887       0.00000
     -16.49187       0.00000
     -16.20587       0.00000
     -15.91887       0.00000
     -15.63287       0.00000
     -15.34587       0.00000
     -15.05987       0.00000
     -14.77287       0.00000
     -14.48687       0.00000
     -14.20087       0.00000
     -13.91387       0.00000
     -13.62787       0.00000
     -13.34087       0.00000
     -13.05487       0.00000
     -12.76787       0.00000
     -12.48187       0.00000
     -12.19487       0.00000
     -11.90887       0.00000
     -11.62187       0.00000
     -11.33587       0.00000
     -11.04887       0.00000
     -10.76287       0.00000
     -10.47587       0.00000
     -10.18987       0.00000
      -9.90387      -0.00000
      -9.61687      -0.00000
      -9.33087      -0.00000
      -9.04387      -0.00384
      -8.75787       1.10200
      -8.47087       2.74600
      -8.18487       2.69900
      -7.89787       4.19800
      -7.61187       4.11500
      -7.32487       5.55400
      -7.03887       6.49400
      -6.75187       8.51200
      -6.46587      10.56000
      -6.17887      16.68000
      -5.89287      29.95000
      -5.60587      39.49000
      -5.31987      45.90000
      -5.03387      54.71000
      -4.74687      60.60000
      -4.46087      60.51000
      -4.17387      59.22000
      -3.88787      56.84000
      -3.60087      57.16000
      -3.31487      62.71000
      -3.02787      70.77000
      -2.74187      70.54000
      -2.45487      67.74000
      -2.16887      68.87000
      -1.88187      69.24000
      -1.59587      64.77000
      -1.30887      52.76000
      -1.02287      45.65000
      -0.73687      43.93000
      -0.44987      44.66000
      -0.16387      43.42000
       0.12313      42.71000
       0.40913      42.75000
       0.69613      45.30000
       0.98213      48.13000
       1.26913      49.29000
       1.55513      55.09000
       1.84213      61.75000
       2.12813      65.76000
       2.41513      69.88000
       2.70113      68.53000
       2.98813      65.33000
       3.27413      55.59000
       3.56113      40.18000
       3.84713      11.93000
       4.13313       0.52720
       4.42013      -0.00323
       4.70613      -0.00000
       4.99313       0.00000
       5.27913       0.00000
       5.56613       0.00000
       5.85213       0.00000
       6.13913       0.00000
       6.42513       0.00000
       6.71213       0.00000
       6.99813       0.00000
       7.28513       0.00000
       7.57113       0.00000
       7.85813       0.00000
