      #Energy        TDOS
     -59.57102       0.00000
     -59.35302       0.00000
     -59.13502       0.00000
     -58.91702       0.00000
     -58.69902       0.00000
     -58.48102       0.00000
     -58.26302       0.00000
     -58.04502       0.00000
     -57.82702       0.00000
     -57.60902      -0.00000
     -57.39102      -0.00000
     -57.17302      -0.00000
     -56.95502      -0.00003
     -56.73702      -0.84920
     -56.51902      41.94000
     -56.30102      51.56000
     -56.08202      -0.91610
     -55.86402      -0.00092
     -55.64602      -0.00000
     -55.42802       0.00000
     -55.21002      -0.00000
     -54.99202      -0.00000
     -54.77402      -0.00000
     -54.55602      -0.01913
     -54.33802       2.14900
     -54.12002      98.36000
     -53.90202      75.34000
     -53.68402      -1.53000
     -53.46602      -0.00054
     -53.24802      -0.00000
     -53.03002       0.00000
     -52.81202       0.00000
     -52.59402       0.00000
     -52.37602       0.00000
     -52.15802       0.00000
     -51.94002       0.00000
     -51.72202       0.00000
     -51.50402       0.00000
     -51.28602       0.00000
     -51.06802       0.00000
     -50.85002       0.00000
     -50.63202       0.00000
     -50.41402       0.00000
     -50.19602       0.00000
     -49.97802       0.00000
     -49.76002       0.00000
     -49.54202       0.00000
     -49.32402       0.00000
     -49.10602       0.00000
     -48.88802       0.00000
     -48.67002       0.00000
     -48.45202       0.00000
     -48.23402       0.00000
     -48.01602       0.00000
     -47.79802       0.00000
     -47.58002       0.00000
     -47.36202       0.00000
     -47.14402       0.00000
     -46.92602       0.00000
     -46.70802       0.00000
     -46.49002       0.00000
     -46.27202       0.00000
     -46.05402       0.00000
     -45.83602       0.00000
     -45.61802       0.00000
     -45.39902       0.00000
     -45.18102       0.00000
     -44.96302       0.00000
     -44.74502       0.00000
     -44.52702       0.00000
     -44.30902       0.00000
     -44.09102       0.00000
     -43.87302       0.00000
     -43.65502       0.00000
     -43.43702       0.00000
     -43.21902       0.00000
     -43.00102       0.00000
     -42.78302       0.00000
     -42.56502       0.00000
     -42.34702       0.00000
     -42.12902       0.00000
     -41.91102       0.00000
     -41.69302       0.00000
     -41.47502       0.00000
     -41.25702       0.00000
     -41.03902       0.00000
     -40.82102       0.00000
     -40.60302       0.00000
     -40.38502       0.00000
     -40.16702       0.00000
     -39.94902       0.00000
     -39.73102       0.00000
     -39.51302       0.00000
     -39.29502       0.00000
     -39.07702       0.00000
     -38.85902       0.00000
     -38.64102       0.00000
     -38.42302       0.00000
     -38.20502       0.00000
     -37.98702       0.00000
     -37.76902       0.00000
     -37.55102       0.00000
     -37.33302       0.00000
     -37.11502       0.00000
     -36.89702       0.00000
     -36.67902       0.00000
     -36.46102       0.00000
     -36.24302       0.00000
     -36.02502       0.00000
     -35.80702       0.00000
     -35.58902       0.00000
     -35.37102       0.00000
     -35.15302       0.00000
     -34.93502      -0.00000
     -34.71602      -0.00000
     -34.49802      -0.00000
     -34.28002      -0.09647
     -34.06202       5.55100
     -33.84402      42.64000
     -33.62602      39.40000
     -33.40802      23.09000
     -33.19002      -0.57660
     -32.97202       8.64800
     -32.75402     144.50000
     -32.53602     121.90000
     -32.31802       0.26760
     -32.10002      -0.01234
     -31.88202      -0.00000
     -31.66402      -0.00000
     -31.44602      -0.00000
     -31.22802      -0.00001
     -31.01002      -0.33060
     -30.79202      20.18000
     -30.57402      90.65000
     -30.35602      93.78000
     -30.13802     124.30000
     -29.92002     138.10000
     -29.70202     129.90000
     -29.48402       9.01600
     -29.26602      -0.13990
     -29.04802      -0.00000
     -28.83002       0.00000
     -28.61202       0.00000
     -28.39402       0.00000
     -28.17602       0.00000
     -27.95802       0.00000
     -27.74002       0.00000
     -27.52202       0.00000
     -27.30402       0.00000
     -27.08602       0.00000
     -26.86802       0.00000
     -26.65002       0.00000
     -26.43202       0.00000
     -26.21402       0.00000
     -25.99602       0.00000
     -25.77802       0.00000
     -25.56002       0.00000
     -25.34202       0.00000
     -25.12402       0.00000
     -24.90602       0.00000
     -24.68802       0.00000
     -24.47002       0.00000
     -24.25202       0.00000
     -24.03302       0.00000
     -23.81502       0.00000
     -23.59702       0.00000
     -23.37902       0.00000
     -23.16102       0.00000
     -22.94302       0.00000
     -22.72502       0.00000
     -22.50702       0.00000
     -22.28902       0.00000
     -22.07102       0.00000
     -21.85302       0.00000
     -21.63502       0.00000
     -21.41702       0.00000
     -21.19902       0.00000
     -20.98102       0.00000
     -20.76302       0.00000
     -20.54502       0.00000
     -20.32702       0.00000
     -20.10902       0.00000
     -19.89102       0.00000
     -19.67302       0.00000
     -19.45502       0.00000
     -19.23702       0.00000
     -19.01902       0.00000
     -18.80102       0.00000
     -18.58302       0.00000
     -18.36502       0.00000
     -18.14702       0.00000
     -17.92902       0.00000
     -17.71102       0.00000
     -17.49302       0.00000
     -17.27502       0.00000
     -17.05702       0.00000
     -16.83902       0.00000
     -16.62102       0.00000
     -16.40302       0.00000
     -16.18502       0.00000
     -15.96702       0.00000
     -15.74902       0.00000
     -15.53102       0.00000
     -15.31302       0.00000
     -15.09502       0.00000
     -14.87702       0.00000
     -14.65902       0.00000
     -14.44102       0.00000
     -14.22302       0.00000
     -14.00502       0.00000
     -13.78702       0.00000
     -13.56902       0.00000
     -13.35002       0.00000
     -13.13202       0.00000
     -12.91402       0.00000
     -12.69602       0.00000
     -12.47802       0.00000
     -12.26002       0.00000
     -12.04202       0.00000
     -11.82402       0.00000
     -11.60602       0.00000
     -11.38802       0.00000
     -11.17002       0.00000
     -10.95202       0.00000
     -10.73402       0.00000
     -10.51602       0.00000
     -10.29802       0.00000
     -10.08002       0.00000
      -9.86202       0.00000
      -9.64402       0.00000
      -9.42602       0.00000
      -9.20802       0.00000
      -8.99002       0.00000
      -8.77202       0.00000
      -8.55402       0.00000
      -8.33602       0.00000
      -8.11802       0.00000
      -7.90002       0.00000
      -7.68202       0.00000
      -7.46402       0.00000
      -7.24602      -0.00000
      -7.02802      -0.00000
      -6.81002      -0.00000
      -6.59202      -0.00125
      -6.37402       0.11160
      -6.15602       1.21700
      -5.93802       2.19800
      -5.72002       2.05700
      -5.50202       1.92900
      -5.28402       3.17100
      -5.06602       3.38900
      -4.84802       3.95000
      -4.63002       4.41700
      -4.41202       5.77500
      -4.19402       6.29500
      -3.97602       7.14600
      -3.75802      10.19000
      -3.54002      15.19000
      -3.32202      21.12000
      -3.10402      29.02000
      -2.88602      34.11000
      -2.66802      35.96000
      -2.44902      40.71000
      -2.23102      43.62000
      -2.01302      40.88000
      -1.79502      30.38000
      -1.57702      23.13000
      -1.35902      35.67000
      -1.14102      67.28000
      -0.92302      59.87000
      -0.70502      54.04000
      -0.48702      55.46000
      -0.26902      57.55000
      -0.05102      56.99000
       0.16698      54.18000
       0.38498      50.83000
       0.60298      42.55000
       0.82098      30.27000
       1.03898      19.79000
       1.25698      17.81000
       1.47498      18.11000
       1.69298      26.66000
       1.91098      35.04000
       2.12898      39.55000
       2.34698      42.78000
       2.56498      46.25000
       2.78298      40.56000
       3.00098       2.91300
       3.21898      -0.03343
       3.43698      -0.00000
       3.65498      -0.00000
       3.87298       0.00000
       4.09098       0.00000
       4.30898       0.00000
       4.52698       0.00000
       4.74498       0.00000
       4.96298       0.00000
       5.18098       0.00000
       5.39898       0.00000
       5.61698       0.00000
       5.83498       0.00000
