      #Energy        TDOS
     -67.33629       0.00000
     -67.09129       0.00000
     -66.84629       0.00000
     -66.60129       0.00000
     -66.35529       0.00000
     -66.11029       0.00000
     -65.86529       0.00000
     -65.62029       0.00000
     -65.37529       0.00000
     -65.13029       0.00000
     -64.88429      -0.00000
     -64.63929      -0.00000
     -64.39429      -0.00000
     -64.14929      -0.21300
     -63.90429      12.03000
     -63.65929      12.92000
     -63.41329      -0.26390
     -63.16829      -0.00000
     -62.92329       0.00000
     -62.67829       0.00000
     -62.43329       0.00000
     -62.18829       0.00000
     -61.94229       0.00000
     -61.69729       0.00000
     -61.45229      -0.00000
     -61.20729      -0.00000
     -60.96229      -0.00000
     -60.71729      -0.05395
     -60.47129       6.97300
     -60.22629      78.03000
     -59.98129      38.16000
     -59.73629      -0.74690
     -59.49129      -0.00003
     -59.24629       0.00000
     -59.00029       0.00000
     -58.75529       0.00000
     -58.51029       0.00000
     -58.26529       0.00000
     -58.02029       0.00000
     -57.77529       0.00000
     -57.52929       0.00000
     -57.28429       0.00000
     -57.03929       0.00000
     -56.79429       0.00000
     -56.54929       0.00000
     -56.30329       0.00000
     -56.05829       0.00000
     -55.81329       0.00000
     -55.56829       0.00000
     -55.32329       0.00000
     -55.07829       0.00000
     -54.83229       0.00000
     -54.58729       0.00000
     -54.34229       0.00000
     -54.09729       0.00000
     -53.85229       0.00000
     -53.60729       0.00000
     -53.36129       0.00000
     -53.11629       0.00000
     -52.87129       0.00000
     -52.62629       0.00000
     -52.38129       0.00000
     -52.13629       0.00000
     -51.89029       0.00000
     -51.64529       0.00000
     -51.40029       0.00000
     -51.15529       0.00000
     -50.91029       0.00000
     -50.66529       0.00000
     -50.41929       0.00000
     -50.17429       0.00000
     -49.92929       0.00000
     -49.68429       0.00000
     -49.43929       0.00000
     -49.19429       0.00000
     -48.94829       0.00000
     -48.70329      -0.00000
     -48.45829      -0.00000
     -48.21329      -0.00007
     -47.96829      -0.48860
     -47.72329      25.03000
     -47.47729      -0.06978
     -47.23229      -0.00034
     -46.98729       0.00000
     -46.74229       0.00000
     -46.49729       0.00000
     -46.25229       0.00000
     -46.00629       0.00000
     -45.76129       0.00000
     -45.51629       0.00000
     -45.27129       0.00000
     -45.02629       0.00000
     -44.78129       0.00000
     -44.53529       0.00000
     -44.29029       0.00000
     -44.04529       0.00000
     -43.80029       0.00000
     -43.55529       0.00000
     -43.31029       0.00000
     -43.06429       0.00000
     -42.81929       0.00000
     -42.57429       0.00000
     -42.32929       0.00000
     -42.08429       0.00000
     -41.83929       0.00000
     -41.59329       0.00000
     -41.34829       0.00000
     -41.10329       0.00000
     -40.85829       0.00000
     -40.61329       0.00000
     -40.36829       0.00000
     -40.12229       0.00000
     -39.87729       0.00000
     -39.63229       0.00000
     -39.38729       0.00000
     -39.14229       0.00000
     -38.89729       0.00000
     -38.65129      -0.00000
     -38.40629      -0.00000
     -38.16129      -0.00042
     -37.91629      -0.81650
     -37.67129      61.16000
     -37.42629      13.19000
     -37.18029      -0.11720
     -36.93529      -0.00009
     -36.69029       0.00000
     -36.44529       0.00000
     -36.20029       0.00000
     -35.95529      -0.00000
     -35.70929      -0.00000
     -35.46429      -0.00000
     -35.21929      -0.00166
     -34.97429       0.60770
     -34.72929      62.16000
     -34.48429     113.60000
     -34.23829     133.10000
     -33.99329      67.69000
     -33.74829     107.00000
     -33.50329     125.30000
     -33.25829      27.22000
     -33.01329      -0.41250
     -32.76729      -0.00003
     -32.52229       0.00000
     -32.27729       0.00000
     -32.03229       0.00000
     -31.78729       0.00000
     -31.54229       0.00000
     -31.29629       0.00000
     -31.05129      -0.00000
     -30.80629      -0.00000
     -30.56129      -0.00000
     -30.31629      -0.02647
     -30.07129       5.43000
     -29.82529       7.04000
     -29.58029      77.78000
     -29.33529       7.81500
     -29.09029      -0.14240
     -28.84529      -0.00000
     -28.60029       0.00000
     -28.35429       0.00000
     -28.10929       0.00000
     -27.86429       0.00000
     -27.61929       0.00000
     -27.37429       0.00000
     -27.12929      -0.00000
     -26.88329      -0.00000
     -26.63829      -0.00002
     -26.39329      -0.28390
     -26.14829       8.13200
     -25.90329      45.68000
     -25.65829      18.80000
     -25.41229       1.08500
     -25.16729      -0.00105
     -24.92229      -0.00000
     -24.67729       0.00000
     -24.43229       0.00000
     -24.18729       0.00000
     -23.94129       0.00000
     -23.69629       0.00000
     -23.45129       0.00000
     -23.20629       0.00000
     -22.96129       0.00000
     -22.71629       0.00000
     -22.47029       0.00000
     -22.22529       0.00000
     -21.98029       0.00000
     -21.73529       0.00000
     -21.49029       0.00000
     -21.24529       0.00000
     -20.99929       0.00000
     -20.75429       0.00000
     -20.50929       0.00000
     -20.26429       0.00000
     -20.01929       0.00000
     -19.77429       0.00000
     -19.52829       0.00000
     -19.28329       0.00000
     -19.03829       0.00000
     -18.79329       0.00000
     -18.54829       0.00000
     -18.30329       0.00000
     -18.05729       0.00000
     -17.81229       0.00000
     -17.56729       0.00000
     -17.32229       0.00000
     -17.07729       0.00000
     -16.83229       0.00000
     -16.58629       0.00000
     -16.34129       0.00000
     -16.09629       0.00000
     -15.85129       0.00000
     -15.60629       0.00000
     -15.36129       0.00000
     -15.11529       0.00000
     -14.87029       0.00000
     -14.62529       0.00000
     -14.38029       0.00000
     -14.13529       0.00000
     -13.89029       0.00000
     -13.64429       0.00000
     -13.39929       0.00000
     -13.15429       0.00000
     -12.90929       0.00000
     -12.66429       0.00000
     -12.41929       0.00000
     -12.17329       0.00000
     -11.92829       0.00000
     -11.68329       0.00000
     -11.43829       0.00000
     -11.19329       0.00000
     -10.94829       0.00000
     -10.70229       0.00000
     -10.45729       0.00000
     -10.21229       0.00000
      -9.96729       0.00000
      -9.72229       0.00000
      -9.47729       0.00000
      -9.23129       0.00000
      -8.98629       0.00000
      -8.74129       0.00000
      -8.49629       0.00000
      -8.25129       0.00000
      -8.00629      -0.00000
      -7.76029      -0.00000
      -7.51529      -0.00000
      -7.27029      -0.00087
      -7.02529       0.14060
      -6.78029       1.15000
      -6.53429       1.94000
      -6.28929       1.77400
      -6.04429       2.36500
      -5.79929       3.02000
      -5.55429       3.59600
      -5.30929       4.43000
      -5.06329       5.37000
      -4.81829       5.34900
      -4.57329       7.14600
      -4.32829       9.09100
      -4.08329      18.70000
      -3.83829      23.57000
      -3.59229      30.30000
      -3.34729      33.13000
      -3.10229      38.41000
      -2.85729      41.22000
      -2.61229      42.11000
      -2.36729      32.20000
      -2.12129      22.04000
      -1.87629      50.55000
      -1.63129      59.08000
      -1.38629      52.91000
      -1.14129      48.67000
      -0.89629      48.85000
      -0.65029      51.70000
      -0.40529      53.59000
      -0.16029      47.86000
       0.08471      39.30000
       0.32971      30.46000
       0.57471      22.30000
       0.82071      15.53000
       1.06571      20.59000
       1.31071      22.09000
       1.55571      32.77000
       1.80071      40.21000
       2.04571      42.18000
       2.29171      49.03000
       2.53671      47.31000
       2.78171      41.65000
       3.02671       6.58900
       3.27171      -0.04133
       3.51671      -0.00000
       3.76271       0.00000
       4.00771       0.00000
       4.25271       0.00000
       4.49771       0.00000
       4.74271       0.00000
       4.98771       0.00000
       5.23371       0.00000
       5.47871       0.00000
       5.72371       0.00000
       5.96871       0.00000
       6.21371       0.00000
