      #Energy        TDOS
     -77.40553       0.00000
     -77.12253       0.00000
     -76.83953       0.00000
     -76.55653       0.00000
     -76.27353       0.00000
     -75.99053       0.00000
     -75.70753       0.00000
     -75.42453       0.00000
     -75.14153       0.00000
     -74.85853       0.00000
     -74.57553      -0.00000
     -74.29253      -0.00000
     -74.00953      -0.00000
     -73.72653      -0.38980
     -73.44353      42.84000
     -73.16053      21.33000
     -72.87753      -0.17060
     -72.59453      -0.00000
     -72.31153       0.00000
     -72.02853       0.00000
     -71.74553       0.00000
     -71.46253       0.00000
     -71.17953       0.00000
     -70.89653       0.00000
     -70.61353       0.00000
     -70.33053       0.00000
     -70.04753       0.00000
     -69.76453       0.00000
     -69.48153       0.00000
     -69.19853       0.00000
     -68.91553       0.00000
     -68.63253       0.00000
     -68.34953       0.00000
     -68.06653       0.00000
     -67.78353       0.00000
     -67.50053       0.00000
     -67.21753       0.00000
     -66.93453       0.00000
     -66.65153       0.00000
     -66.36853       0.00000
     -66.08553       0.00000
     -65.80253       0.00000
     -65.51953       0.00000
     -65.23653       0.00000
     -64.95353       0.00000
     -64.67053       0.00000
     -64.38753       0.00000
     -64.10453       0.00000
     -63.82153       0.00000
     -63.53853       0.00000
     -63.25553       0.00000
     -62.97253       0.00000
     -62.68953       0.00000
     -62.40653       0.00000
     -62.12353       0.00000
     -61.84053       0.00000
     -61.55753      -0.00000
     -61.27453      -0.00000
     -60.99153      -0.00000
     -60.70853      -0.11210
     -60.42553      23.51000
     -60.14253      40.25000
     -59.85953      -0.03655
     -59.57653      -0.00002
     -59.29353       0.00000
     -59.01053       0.00000
     -58.72753       0.00000
     -58.44453       0.00000
     -58.16153       0.00000
     -57.87853       0.00000
     -57.59553       0.00000
     -57.31253       0.00000
     -57.02953       0.00000
     -56.74653       0.00000
     -56.46353       0.00000
     -56.18053       0.00000
     -55.89753       0.00000
     -55.61453       0.00000
     -55.33153      -0.00000
     -55.04853      -0.00000
     -54.76553      -0.00000
     -54.48253      -0.26890
     -54.19953      40.32000
     -53.91653      23.59000
     -53.63353      -0.03563
     -53.35053      -0.00000
     -53.06753       0.00000
     -52.78453       0.00000
     -52.50253       0.00000
     -52.21953       0.00000
     -51.93653       0.00000
     -51.65353       0.00000
     -51.37053       0.00000
     -51.08753       0.00000
     -50.80453       0.00000
     -50.52153       0.00000
     -50.23853       0.00000
     -49.95553       0.00000
     -49.67253       0.00000
     -49.38953       0.00000
     -49.10653       0.00000
     -48.82353       0.00000
     -48.54053       0.00000
     -48.25753       0.00000
     -47.97453       0.00000
     -47.69153       0.00000
     -47.40853       0.00000
     -47.12553       0.00000
     -46.84253       0.00000
     -46.55953       0.00000
     -46.27653       0.00000
     -45.99353       0.00000
     -45.71053       0.00000
     -45.42753       0.00000
     -45.14453       0.00000
     -44.86153       0.00000
     -44.57853       0.00000
     -44.29553       0.00000
     -44.01253       0.00000
     -43.72953       0.00000
     -43.44653       0.00000
     -43.16353       0.00000
     -42.88053       0.00000
     -42.59753       0.00000
     -42.31453       0.00000
     -42.03153       0.00000
     -41.74853       0.00000
     -41.46553       0.00000
     -41.18253       0.00000
     -40.89953       0.00000
     -40.61653       0.00000
     -40.33353       0.00000
     -40.05053       0.00000
     -39.76753       0.00000
     -39.48453       0.00000
     -39.20153       0.00000
     -38.91853      -0.00000
     -38.63553      -0.00000
     -38.35253      -0.00003
     -38.06953      -0.23860
     -37.78653      57.51000
     -37.50353     108.60000
     -37.22053      25.14000
     -36.93753      -0.18300
     -36.65453      -0.00000
     -36.37153       0.00000
     -36.08853       0.00000
     -35.80553      -0.00000
     -35.52253      -0.00000
     -35.23953      -0.00000
     -34.95653      -0.49400
     -34.67353      23.40000
     -34.39053     116.40000
     -34.10753      52.07000
     -33.82453      -0.55640
     -33.54153      -0.00000
     -33.25853       0.00000
     -32.97553       0.00000
     -32.69253       0.00000
     -32.40953       0.00000
     -32.12653       0.00000
     -31.84353      -0.00000
     -31.56053      -0.00000
     -31.27753      -0.00000
     -30.99453      -0.10480
     -30.71153      19.82000
     -30.42853      56.41000
     -30.14553      87.74000
     -29.86253      80.66000
     -29.57953      82.05000
     -29.29653      55.69000
     -29.01353      -0.62370
     -28.73053      -0.00000
     -28.44753       0.00000
     -28.16453       0.00000
     -27.88153       0.00000
     -27.59853       0.00000
     -27.31553       0.00000
     -27.03253       0.00000
     -26.74953       0.00000
     -26.46653       0.00000
     -26.18353       0.00000
     -25.90053       0.00000
     -25.61753       0.00000
     -25.33453       0.00000
     -25.05153       0.00000
     -24.76853       0.00000
     -24.48553       0.00000
     -24.20253       0.00000
     -23.92053       0.00000
     -23.63753       0.00000
     -23.35453       0.00000
     -23.07153       0.00000
     -22.78853       0.00000
     -22.50553       0.00000
     -22.22253       0.00000
     -21.93953       0.00000
     -21.65653       0.00000
     -21.37353       0.00000
     -21.09053       0.00000
     -20.80753       0.00000
     -20.52453       0.00000
     -20.24153       0.00000
     -19.95853       0.00000
     -19.67553       0.00000
     -19.39253       0.00000
     -19.10953       0.00000
     -18.82653       0.00000
     -18.54353       0.00000
     -18.26053       0.00000
     -17.97753       0.00000
     -17.69453       0.00000
     -17.41153       0.00000
     -17.12853       0.00000
     -16.84553       0.00000
     -16.56253       0.00000
     -16.27953       0.00000
     -15.99653       0.00000
     -15.71353       0.00000
     -15.43053       0.00000
     -15.14753       0.00000
     -14.86453       0.00000
     -14.58153       0.00000
     -14.29853       0.00000
     -14.01553       0.00000
     -13.73253       0.00000
     -13.44953       0.00000
     -13.16653       0.00000
     -12.88353       0.00000
     -12.60053       0.00000
     -12.31753       0.00000
     -12.03453       0.00000
     -11.75153       0.00000
     -11.46853       0.00000
     -11.18553       0.00000
     -10.90253       0.00000
     -10.61953       0.00000
     -10.33653       0.00000
     -10.05353       0.00000
      -9.77053       0.00000
      -9.48753       0.00000
      -9.20453       0.00000
      -8.92153       0.00000
      -8.63853       0.00000
      -8.35553       0.00000
      -8.07253      -0.00000
      -7.78953      -0.00000
      -7.50653      -0.00003
      -7.22353       0.06489
      -6.94053       1.00500
      -6.65753       1.87100
      -6.37453       2.06200
      -6.09153       2.95000
      -5.80853       3.49300
      -5.52553       4.42300
      -5.24253       5.21900
      -4.95953       5.67900
      -4.67653       6.93300
      -4.39353      10.90000
      -4.11053      19.36000
      -3.82753      27.60000
      -3.54453      31.15000
      -3.26153      37.89000
      -2.97853      42.27000
      -2.69553      41.60000
      -2.41253      24.87000
      -2.12953      29.51000
      -1.84653      61.62000
      -1.56353      50.24000
      -1.28053      44.47000
      -0.99753      47.25000
      -0.71453      52.48000
      -0.43153      50.56000
      -0.14853      42.77000
       0.13447      35.75000
       0.41747      25.43000
       0.70047      20.26000
       0.98347      17.37000
       1.26647      20.04000
       1.54947      26.52000
       1.83247      34.57000
       2.11547      39.46000
       2.39847      44.94000
       2.68147      44.20000
       2.96447      42.01000
       3.24747      39.22000
       3.53047      39.35000
       3.81347       3.97700
       4.09647      -0.00731
       4.37947      -0.00000
       4.66147       0.00000
       4.94447       0.00000
       5.22747       0.00000
       5.51047       0.00000
       5.79347       0.00000
       6.07647       0.00000
       6.35947       0.00000
       6.64247       0.00000
       6.92547       0.00000
       7.20847       0.00000
       7.49147       0.00000
