      #Energy        TDOS
     -77.36629       0.00000
     -77.08529       0.00000
     -76.80329       0.00000
     -76.52229       0.00000
     -76.24029       0.00000
     -75.95929       0.00000
     -75.67829       0.00000
     -75.39629       0.00000
     -75.11529       0.00000
     -74.83429       0.00000
     -74.55229      -0.00000
     -74.27129      -0.00000
     -73.98929      -0.00000
     -73.70829      -0.12310
     -73.42729      23.89000
     -73.14529      29.15000
     -72.86429       3.95100
     -72.58229      -0.00283
     -72.30129       0.00000
     -72.02029       0.00000
     -71.73829       0.00000
     -71.45729       0.00000
     -71.17629       0.00000
     -70.89429       0.00000
     -70.61329       0.00000
     -70.33129       0.00000
     -70.05029       0.00000
     -69.76929       0.00000
     -69.48729       0.00000
     -69.20629       0.00000
     -68.92529       0.00000
     -68.64329       0.00000
     -68.36229       0.00000
     -68.08029       0.00000
     -67.79929       0.00000
     -67.51829       0.00000
     -67.23629       0.00000
     -66.95529       0.00000
     -66.67429       0.00000
     -66.39229       0.00000
     -66.11129       0.00000
     -65.82929       0.00000
     -65.54829       0.00000
     -65.26729       0.00000
     -64.98529       0.00000
     -64.70429       0.00000
     -64.42329       0.00000
     -64.14129       0.00000
     -63.86029       0.00000
     -63.57829       0.00000
     -63.29729       0.00000
     -63.01629       0.00000
     -62.73429       0.00000
     -62.45329       0.00000
     -62.17229       0.00000
     -61.89029       0.00000
     -61.60929       0.00000
     -61.32729      -0.00000
     -61.04629      -0.00000
     -60.76529      -0.00242
     -60.48329       6.29000
     -60.20229      42.92000
     -59.92129       0.54350
     -59.63929      -0.00012
     -59.35829       0.00000
     -59.07629       0.00000
     -58.79529       0.00000
     -58.51429       0.00000
     -58.23229       0.00000
     -57.95129       0.00000
     -57.66929       0.00000
     -57.38829       0.00000
     -57.10729       0.00000
     -56.82529       0.00000
     -56.54429       0.00000
     -56.26329       0.00000
     -55.98129       0.00000
     -55.70029       0.00000
     -55.41829       0.00000
     -55.13729       0.00000
     -54.85629       0.00000
     -54.57429       0.00000
     -54.29329       0.00000
     -54.01229       0.00000
     -53.73029       0.00000
     -53.44929       0.00000
     -53.16729       0.00000
     -52.88629       0.00000
     -52.60529       0.00000
     -52.32329       0.00000
     -52.04229       0.00000
     -51.76129       0.00000
     -51.47929       0.00000
     -51.19829       0.00000
     -50.91629       0.00000
     -50.63529       0.00000
     -50.35429       0.00000
     -50.07229       0.00000
     -49.79129       0.00000
     -49.51029       0.00000
     -49.22829       0.00000
     -48.94729      -0.00000
     -48.66529      -0.00000
     -48.38429      -0.00010
     -48.10329       0.36210
     -47.82129      48.09000
     -47.54029       1.30500
     -47.25929      -0.00030
     -46.97729       0.00000
     -46.69629       0.00000
     -46.41429       0.00000
     -46.13329       0.00000
     -45.85229       0.00000
     -45.57029       0.00000
     -45.28929       0.00000
     -45.00729       0.00000
     -44.72629       0.00000
     -44.44529       0.00000
     -44.16329       0.00000
     -43.88229       0.00000
     -43.60129       0.00000
     -43.31929       0.00000
     -43.03829       0.00000
     -42.75629       0.00000
     -42.47529       0.00000
     -42.19429       0.00000
     -41.91229       0.00000
     -41.63129       0.00000
     -41.35029       0.00000
     -41.06829       0.00000
     -40.78729       0.00000
     -40.50529       0.00000
     -40.22429       0.00000
     -39.94329       0.00000
     -39.66129       0.00000
     -39.38029       0.00000
     -39.09929       0.00000
     -38.81729      -0.00000
     -38.53629      -0.00000
     -38.25429      -0.00024
     -37.97329       1.38200
     -37.69229      52.34000
     -37.41029      86.29000
     -37.12929      30.81000
     -36.84829      -0.22820
     -36.56629      -0.00000
     -36.28529       0.00000
     -36.00329       0.00000
     -35.72229      -0.00000
     -35.44129      -0.00000
     -35.15929      -0.00192
     -34.87829       4.27100
     -34.59729      48.18000
     -34.31529      67.14000
     -34.03429      34.95000
     -33.75229      85.36000
     -33.47129      52.90000
     -33.19029       5.74800
     -32.90829      -0.01433
     -32.62729      -0.00000
     -32.34529       0.00000
     -32.06429       0.00000
     -31.78329       0.00000
     -31.50129       0.00000
     -31.22029      -0.00000
     -30.93929      -0.00000
     -30.65729      -0.00000
     -30.37629      -0.14950
     -30.09429      14.03000
     -29.81329      68.19000
     -29.53229      65.29000
     -29.25029       1.91400
     -28.96929      -0.00083
     -28.68829       0.00000
     -28.40629       0.00000
     -28.12529       0.00000
     -27.84329       0.00000
     -27.56229       0.00000
     -27.28129      -0.00000
     -26.99929      -0.00000
     -26.71829      -0.00071
     -26.43729       2.77100
     -26.15529      37.50000
     -25.87429      94.72000
     -25.59229      14.34000
     -25.31129      -0.06821
     -25.03029      -0.00000
     -24.74829       0.00000
     -24.46729       0.00000
     -24.18629       0.00000
     -23.90429       0.00000
     -23.62329       0.00000
     -23.34129       0.00000
     -23.06029       0.00000
     -22.77929       0.00000
     -22.49729       0.00000
     -22.21629       0.00000
     -21.93529       0.00000
     -21.65329       0.00000
     -21.37229       0.00000
     -21.09029       0.00000
     -20.80929       0.00000
     -20.52829       0.00000
     -20.24629       0.00000
     -19.96529       0.00000
     -19.68429       0.00000
     -19.40229       0.00000
     -19.12129       0.00000
     -18.83929       0.00000
     -18.55829       0.00000
     -18.27729       0.00000
     -17.99529       0.00000
     -17.71429       0.00000
     -17.43229       0.00000
     -17.15129       0.00000
     -16.87029       0.00000
     -16.58829       0.00000
     -16.30729       0.00000
     -16.02629       0.00000
     -15.74429       0.00000
     -15.46329       0.00000
     -15.18129       0.00000
     -14.90029       0.00000
     -14.61929       0.00000
     -14.33729       0.00000
     -14.05629       0.00000
     -13.77529       0.00000
     -13.49329       0.00000
     -13.21229       0.00000
     -12.93029       0.00000
     -12.64929       0.00000
     -12.36829       0.00000
     -12.08629       0.00000
     -11.80529       0.00000
     -11.52429       0.00000
     -11.24229       0.00000
     -10.96129       0.00000
     -10.67929       0.00000
     -10.39829       0.00000
     -10.11729       0.00000
      -9.83529       0.00000
      -9.55429       0.00000
      -9.27329       0.00000
      -8.99129       0.00000
      -8.71029       0.00000
      -8.42829       0.00000
      -8.14729      -0.00000
      -7.86629      -0.00000
      -7.58429      -0.00001
      -7.30329       0.03354
      -7.02229       1.01900
      -6.74029       2.01000
      -6.45929       1.88100
      -6.17729       2.98800
      -5.89629       3.36300
      -5.61529       4.31400
      -5.33329       4.10200
      -5.05229       5.06700
      -4.77029       6.59000
      -4.48929       7.60900
      -4.20829      14.61000
      -3.92629      19.15000
      -3.64529      26.89000
      -3.36429      31.03000
      -3.08229      34.86000
      -2.80129      39.89000
      -2.51929      38.93000
      -2.23829      25.43000
      -1.95729      28.27000
      -1.67529      58.43000
      -1.39429      50.61000
      -1.11329      46.43000
      -0.83129      46.75000
      -0.55029      49.26000
      -0.26829      50.35000
       0.01271      45.26000
       0.29371      36.26000
       0.57571      29.05000
       0.85671      22.18000
       1.13771      17.70000
       1.41971      20.02000
       1.70071      27.33000
       1.98271      33.82000
       2.26371      39.54000
       2.54471      42.31000
       2.82671      43.03000
       3.10771      36.01000
       3.38871       2.71400
       3.67071      -0.00362
       3.95171      -0.00000
       4.23371       0.00000
       4.51471       0.00000
       4.79571       0.00000
       5.07771       0.00000
       5.35871       0.00000
       5.63971       0.00000
       5.92171       0.00000
       6.20271       0.00000
       6.48471       0.00000
       6.76571       0.00000
       7.04671       0.00000
