      #Energy        TDOS
     -77.47325       0.00000
     -77.19025       0.00000
     -76.90725       0.00000
     -76.62325       0.00000
     -76.34025       0.00000
     -76.05725       0.00000
     -75.77425       0.00000
     -75.49125       0.00000
     -75.20725       0.00000
     -74.92425       0.00000
     -74.64125      -0.00000
     -74.35825      -0.00000
     -74.07525      -0.00000
     -73.79225      -0.15050
     -73.50825      25.17000
     -73.22525       3.23000
     -72.94225      -0.00053
     -72.65925       0.00000
     -72.37625       0.00000
     -72.09225       0.00000
     -71.80925       0.00000
     -71.52625       0.00000
     -71.24325       0.00000
     -70.96025       0.00000
     -70.67725       0.00000
     -70.39325       0.00000
     -70.11025       0.00000
     -69.82725       0.00000
     -69.54425       0.00000
     -69.26125       0.00000
     -68.97725       0.00000
     -68.69425       0.00000
     -68.41125       0.00000
     -68.12825       0.00000
     -67.84525       0.00000
     -67.56225       0.00000
     -67.27825       0.00000
     -66.99525       0.00000
     -66.71225       0.00000
     -66.42925       0.00000
     -66.14625       0.00000
     -65.86225       0.00000
     -65.57925       0.00000
     -65.29625       0.00000
     -65.01325       0.00000
     -64.73025       0.00000
     -64.44725       0.00000
     -64.16325       0.00000
     -63.88025       0.00000
     -63.59725       0.00000
     -63.31425       0.00000
     -63.03125       0.00000
     -62.74725       0.00000
     -62.46425       0.00000
     -62.18125       0.00000
     -61.89825      -0.00000
     -61.61525      -0.00000
     -61.33225      -0.00000
     -61.04825      -0.03173
     -60.76525      11.23000
     -60.48225      90.02000
     -60.19925      33.02000
     -59.91625      -0.04246
     -59.63225       0.00000
     -59.34925       0.00000
     -59.06625       0.00000
     -58.78325       0.00000
     -58.50025       0.00000
     -58.21625       0.00000
     -57.93325       0.00000
     -57.65025       0.00000
     -57.36725       0.00000
     -57.08425       0.00000
     -56.80125       0.00000
     -56.51725       0.00000
     -56.23425       0.00000
     -55.95125       0.00000
     -55.66825       0.00000
     -55.38525      -0.00000
     -55.10125      -0.00000
     -54.81825      -0.00000
     -54.53525      -0.75890
     -54.25225      57.06000
     -53.96925      14.41000
     -53.68625      -0.08550
     -53.40225      -0.00000
     -53.11925       0.00000
     -52.83625       0.00000
     -52.55325       0.00000
     -52.27025       0.00000
     -51.98625       0.00000
     -51.70325       0.00000
     -51.42025       0.00000
     -51.13725       0.00000
     -50.85425       0.00000
     -50.57125       0.00000
     -50.28725       0.00000
     -50.00425       0.00000
     -49.72125       0.00000
     -49.43825       0.00000
     -49.15525       0.00000
     -48.87125       0.00000
     -48.58825       0.00000
     -48.30525       0.00000
     -48.02225       0.00000
     -47.73925       0.00000
     -47.45625       0.00000
     -47.17225       0.00000
     -46.88925       0.00000
     -46.60625       0.00000
     -46.32325       0.00000
     -46.04025       0.00000
     -45.75625       0.00000
     -45.47325       0.00000
     -45.19025       0.00000
     -44.90725       0.00000
     -44.62425       0.00000
     -44.34125       0.00000
     -44.05725       0.00000
     -43.77425       0.00000
     -43.49125       0.00000
     -43.20825       0.00000
     -42.92525       0.00000
     -42.64125       0.00000
     -42.35825       0.00000
     -42.07525       0.00000
     -41.79225       0.00000
     -41.50925       0.00000
     -41.22625       0.00000
     -40.94225       0.00000
     -40.65925       0.00000
     -40.37625       0.00000
     -40.09325       0.00000
     -39.81025       0.00000
     -39.52625       0.00000
     -39.24325       0.00000
     -38.96025      -0.00000
     -38.67725      -0.00000
     -38.39425      -0.00002
     -38.11025       0.09465
     -37.82725      33.34000
     -37.54425      50.68000
     -37.26125       0.63560
     -36.97825      -0.00007
     -36.69525       0.00000
     -36.41125       0.00000
     -36.12825      -0.00000
     -35.84525      -0.00000
     -35.56225      -0.00187
     -35.27925       3.26200
     -34.99525      64.43000
     -34.71225      87.70000
     -34.42925     175.30000
     -34.14625      72.50000
     -33.86325      -0.62670
     -33.58025      -0.00000
     -33.29625       0.00000
     -33.01325       0.00000
     -32.73025       0.00000
     -32.44725       0.00000
     -32.16425       0.00000
     -31.88025       0.00000
     -31.59725      -0.00000
     -31.31425      -0.00000
     -31.03125      -0.00009
     -30.74825      -0.18710
     -30.46525      87.55000
     -30.18125     122.10000
     -29.89825       2.44000
     -29.61525       1.15200
     -29.33225      55.09000
     -29.04925       7.32600
     -28.76525      -0.00895
     -28.48225       0.00000
     -28.19925       0.00000
     -27.91625       0.00000
     -27.63325       0.00000
     -27.35025       0.00000
     -27.06625       0.00000
     -26.78325       0.00000
     -26.50025       0.00000
     -26.21725       0.00000
     -25.93425       0.00000
     -25.65025       0.00000
     -25.36725       0.00000
     -25.08425       0.00000
     -24.80125       0.00000
     -24.51825       0.00000
     -24.23525       0.00000
     -23.95125       0.00000
     -23.66825       0.00000
     -23.38525       0.00000
     -23.10225       0.00000
     -22.81925       0.00000
     -22.53525       0.00000
     -22.25225       0.00000
     -21.96925       0.00000
     -21.68625       0.00000
     -21.40325       0.00000
     -21.12025       0.00000
     -20.83625       0.00000
     -20.55325       0.00000
     -20.27025       0.00000
     -19.98725       0.00000
     -19.70425       0.00000
     -19.42025       0.00000
     -19.13725       0.00000
     -18.85425       0.00000
     -18.57125       0.00000
     -18.28825       0.00000
     -18.00425       0.00000
     -17.72125       0.00000
     -17.43825       0.00000
     -17.15525       0.00000
     -16.87225       0.00000
     -16.58925       0.00000
     -16.30525       0.00000
     -16.02225       0.00000
     -15.73925       0.00000
     -15.45625       0.00000
     -15.17325       0.00000
     -14.88925       0.00000
     -14.60625       0.00000
     -14.32325       0.00000
     -14.04025       0.00000
     -13.75725       0.00000
     -13.47425       0.00000
     -13.19025       0.00000
     -12.90725       0.00000
     -12.62425       0.00000
     -12.34125       0.00000
     -12.05825       0.00000
     -11.77425       0.00000
     -11.49125       0.00000
     -11.20825       0.00000
     -10.92525       0.00000
     -10.64225       0.00000
     -10.35925       0.00000
     -10.07525       0.00000
      -9.79225       0.00000
      -9.50925       0.00000
      -9.22625       0.00000
      -8.94325       0.00000
      -8.65925       0.00000
      -8.37625       0.00000
      -8.09325       0.00000
      -7.81025      -0.00000
      -7.52725      -0.00000
      -7.24425      -0.00000
      -6.96025       0.01599
      -6.67725       0.87980
      -6.39425       1.83000
      -6.11125       1.92800
      -5.82825       2.85500
      -5.54425       3.39400
      -5.26125       4.50000
      -4.97825       5.60900
      -4.69525       7.04400
      -4.41225      13.52000
      -4.12925      28.76000
      -3.84525      33.99000
      -3.56225      39.55000
      -3.27925      46.17000
      -2.99625      47.98000
      -2.71325      30.82000
      -2.42925      35.42000
      -2.14625      61.51000
      -1.86325      55.63000
      -1.58025      43.79000
      -1.29725      43.02000
      -1.01425      53.12000
      -0.73025      54.51000
      -0.44725      44.18000
      -0.16425      32.02000
       0.11875      21.87000
       0.40175      18.64000
       0.68575      19.71000
       0.96875      22.57000
       1.25175      30.73000
       1.53475      37.36000
       1.81775      42.04000
       2.10175      45.39000
       2.38475      50.91000
       2.66775      47.00000
       2.95075      47.58000
       3.23375      49.15000
       3.51675      36.53000
       3.80075       3.82900
       4.08375      -0.00659
       4.36675      -0.00000
       4.64975       0.00000
       4.93275       0.00000
       5.21675       0.00000
       5.49975       0.00000
       5.78275       0.00000
       6.06575       0.00000
       6.34875       0.00000
       6.63175       0.00000
       6.91575       0.00000
       7.19875       0.00000
       7.48175       0.00000
