      #Energy        TDOS
     -78.20563       0.00000
     -77.90863       0.00000
     -77.61263       0.00000
     -77.31563       0.00000
     -77.01963       0.00000
     -76.72263       0.00000
     -76.42563       0.00000
     -76.12963       0.00000
     -75.83263       0.00000
     -75.53663       0.00000
     -75.23963      -0.00000
     -74.94263      -0.00000
     -74.64663      -0.00000
     -74.34963      -0.22310
     -74.05363      52.29000
     -73.75663      89.89000
     -73.45963      -0.35080
     -73.16363      -0.00000
     -72.86663       0.00000
     -72.57063       0.00000
     -72.27363       0.00000
     -71.97663       0.00000
     -71.68063       0.00000
     -71.38363       0.00000
     -71.08763       0.00000
     -70.79063       0.00000
     -70.49363       0.00000
     -70.19763       0.00000
     -69.90063       0.00000
     -69.60463       0.00000
     -69.30763       0.00000
     -69.01063       0.00000
     -68.71463       0.00000
     -68.41763       0.00000
     -68.12163       0.00000
     -67.82463       0.00000
     -67.52763       0.00000
     -67.23163       0.00000
     -66.93463       0.00000
     -66.63863       0.00000
     -66.34163       0.00000
     -66.04463       0.00000
     -65.74863       0.00000
     -65.45163       0.00000
     -65.15563       0.00000
     -64.85863       0.00000
     -64.56163       0.00000
     -64.26563       0.00000
     -63.96863       0.00000
     -63.67163       0.00000
     -63.37563       0.00000
     -63.07863       0.00000
     -62.78263       0.00000
     -62.48563       0.00000
     -62.18863       0.00000
     -61.89263      -0.00000
     -61.59563      -0.00000
     -61.29963      -0.05778
     -61.00263      34.81000
     -60.70563     107.90000
     -60.40963      -1.08100
     -60.11263      -0.00000
     -59.81663       0.00000
     -59.51963       0.00000
     -59.22263       0.00000
     -58.92663       0.00000
     -58.62963       0.00000
     -58.33363       0.00000
     -58.03663       0.00000
     -57.73963       0.00000
     -57.44363       0.00000
     -57.14663       0.00000
     -56.85063       0.00000
     -56.55363       0.00000
     -56.25663       0.00000
     -55.96063       0.00000
     -55.66363       0.00000
     -55.36763       0.00000
     -55.07063       0.00000
     -54.77363       0.00000
     -54.47763       0.00000
     -54.18063       0.00000
     -53.88463       0.00000
     -53.58763       0.00000
     -53.29063       0.00000
     -52.99463       0.00000
     -52.69763       0.00000
     -52.40163       0.00000
     -52.10463       0.00000
     -51.80763       0.00000
     -51.51163       0.00000
     -51.21463       0.00000
     -50.91863       0.00000
     -50.62163       0.00000
     -50.32463       0.00000
     -50.02863       0.00000
     -49.73163       0.00000
     -49.43563       0.00000
     -49.13863       0.00000
     -48.84163       0.00000
     -48.54563       0.00000
     -48.24863       0.00000
     -47.95263       0.00000
     -47.65563      -0.00000
     -47.35863      -0.00000
     -47.06263      -0.03577
     -46.76563      28.35000
     -46.46963     170.40000
     -46.17263      44.49000
     -45.87563      -0.49720
     -45.57963      -0.00001
     -45.28263       0.00000
     -44.98663       0.00000
     -44.68963       0.00000
     -44.39263       0.00000
     -44.09663       0.00000
     -43.79963       0.00000
     -43.50363       0.00000
     -43.20663       0.00000
     -42.90963       0.00000
     -42.61363       0.00000
     -42.31663       0.00000
     -42.02063       0.00000
     -41.72363       0.00000
     -41.42663       0.00000
     -41.13063       0.00000
     -40.83363       0.00000
     -40.53663       0.00000
     -40.24063       0.00000
     -39.94363       0.00000
     -39.64763      -0.00000
     -39.35063      -0.00000
     -39.05363      -0.00100
     -38.75763       2.91500
     -38.46063      95.76000
     -38.16463     184.80000
     -37.86763     116.50000
     -37.57063      24.81000
     -37.27463      -0.05194
     -36.97763       0.00000
     -36.68163       0.00000
     -36.38463      -0.00000
     -36.08763      -0.00000
     -35.79163      -0.03706
     -35.49463      21.61000
     -35.19863      85.61000
     -34.90163     186.10000
     -34.60463     120.80000
     -34.30863      10.74000
     -34.01163      -0.00228
     -33.71563       0.00000
     -33.41863       0.00000
     -33.12163       0.00000
     -32.82563       0.00000
     -32.52863       0.00000
     -32.23263       0.00000
     -31.93563       0.00000
     -31.63863       0.00000
     -31.34263       0.00000
     -31.04563       0.00000
     -30.74963       0.00000
     -30.45263       0.00000
     -30.15563       0.00000
     -29.85963       0.00000
     -29.56263       0.00000
     -29.26663       0.00000
     -28.96963       0.00000
     -28.67263       0.00000
     -28.37663       0.00000
     -28.07963       0.00000
     -27.78363       0.00000
     -27.48663       0.00000
     -27.18963       0.00000
     -26.89363       0.00000
     -26.59663       0.00000
     -26.30063       0.00000
     -26.00363       0.00000
     -25.70663       0.00000
     -25.41063       0.00000
     -25.11363       0.00000
     -24.81763       0.00000
     -24.52063       0.00000
     -24.22363       0.00000
     -23.92763       0.00000
     -23.63063       0.00000
     -23.33463       0.00000
     -23.03763       0.00000
     -22.74063       0.00000
     -22.44463       0.00000
     -22.14763       0.00000
     -21.85163       0.00000
     -21.55463       0.00000
     -21.25763       0.00000
     -20.96163       0.00000
     -20.66463       0.00000
     -20.36863       0.00000
     -20.07163       0.00000
     -19.77463       0.00000
     -19.47863       0.00000
     -19.18163       0.00000
     -18.88563       0.00000
     -18.58863       0.00000
     -18.29163       0.00000
     -17.99563       0.00000
     -17.69863       0.00000
     -17.40163       0.00000
     -17.10563       0.00000
     -16.80863       0.00000
     -16.51263       0.00000
     -16.21563       0.00000
     -15.91863       0.00000
     -15.62263       0.00000
     -15.32563       0.00000
     -15.02963       0.00000
     -14.73263       0.00000
     -14.43563       0.00000
     -14.13963       0.00000
     -13.84263       0.00000
     -13.54663       0.00000
     -13.24963       0.00000
     -12.95263       0.00000
     -12.65663       0.00000
     -12.35963       0.00000
     -12.06363       0.00000
     -11.76663       0.00000
     -11.46963       0.00000
     -11.17363       0.00000
     -10.87663       0.00000
     -10.58063       0.00000
     -10.28363       0.00000
      -9.98663       0.00000
      -9.69063       0.00000
      -9.39363       0.00000
      -9.09763      -0.00000
      -8.80063      -0.00000
      -8.50363      -0.00105
      -8.20763       0.33490
      -7.91063       2.06100
      -7.61463       3.01600
      -7.31763       3.17900
      -7.02063       4.35900
      -6.72463       5.55000
      -6.42763       6.36500
      -6.13163       7.67900
      -5.83463      12.00000
      -5.53763      21.21000
      -5.24163      39.96000
      -4.94463      52.74000
      -4.64863      60.31000
      -4.35163      72.66000
      -4.05463      68.68000
      -3.75863      64.94000
      -3.46163      65.79000
      -3.16563      71.33000
      -2.86863      79.59000
      -2.57163      72.42000
      -2.27563      71.26000
      -1.97863      75.07000
      -1.68263      71.44000
      -1.38563      57.93000
      -1.08863      48.11000
      -0.79263      48.73000
      -0.49563      48.64000
      -0.19963      47.87000
       0.09737      44.81000
       0.39437      46.18000
       0.69037      45.21000
       0.98737      45.30000
       1.28337      48.57000
       1.58037      54.23000
       1.87737      62.45000
       2.17337      65.57000
       2.47037      67.33000
       2.76637      70.12000
       3.06337      67.99000
       3.36037      50.72000
       3.65637      39.29000
       3.95337      31.96000
       4.24937      26.28000
       4.54637      22.11000
       4.84337      21.43000
       5.13937      19.21000
       5.43637      14.82000
       5.73337      15.03000
       6.02937      13.76000
       6.32637      13.41000
       6.62237       6.86200
       6.91937       0.99030
       7.21637      -0.00228
       7.51237      -0.00000
       7.80937       0.00000
       8.10537       0.00000
       8.40237       0.00000
       8.69937       0.00000
       8.99537       0.00000
       9.29237       0.00000
       9.58837       0.00000
       9.88537       0.00000
      10.18237       0.00000
      10.47837       0.00000
      10.77537       0.00000
