      #Energy        TDOS
     -77.40794       0.00000
     -77.12694       0.00000
     -76.84694       0.00000
     -76.56594       0.00000
     -76.28494       0.00000
     -76.00494       0.00000
     -75.72394       0.00000
     -75.44394       0.00000
     -75.16294       0.00000
     -74.88294       0.00000
     -74.60194      -0.00000
     -74.32194      -0.00000
     -74.04094      -0.00000
     -73.75994      -0.13980
     -73.47994      21.07000
     -73.19894      29.05000
     -72.91894      -0.08121
     -72.63794      -0.00001
     -72.35794       0.00000
     -72.07694       0.00000
     -71.79594       0.00000
     -71.51594       0.00000
     -71.23494       0.00000
     -70.95494       0.00000
     -70.67394       0.00000
     -70.39394       0.00000
     -70.11294       0.00000
     -69.83194       0.00000
     -69.55194       0.00000
     -69.27094       0.00000
     -68.99094       0.00000
     -68.70994       0.00000
     -68.42994       0.00000
     -68.14894       0.00000
     -67.86894       0.00000
     -67.58794       0.00000
     -67.30694       0.00000
     -67.02694       0.00000
     -66.74594       0.00000
     -66.46594       0.00000
     -66.18494       0.00000
     -65.90494       0.00000
     -65.62394       0.00000
     -65.34294       0.00000
     -65.06294       0.00000
     -64.78194       0.00000
     -64.50194       0.00000
     -64.22094       0.00000
     -63.94094       0.00000
     -63.65994       0.00000
     -63.37894       0.00000
     -63.09894       0.00000
     -62.81794       0.00000
     -62.53794       0.00000
     -62.25694       0.00000
     -61.97694       0.00000
     -61.69594       0.00000
     -61.41594      -0.00000
     -61.13494      -0.00000
     -60.85394      -0.00323
     -60.57394       3.86200
     -60.29294      26.93000
     -60.01294      19.18000
     -59.73194      -0.06938
     -59.45194      -0.00000
     -59.17094       0.00000
     -58.88994       0.00000
     -58.60994       0.00000
     -58.32894       0.00000
     -58.04894       0.00000
     -57.76794       0.00000
     -57.48794       0.00000
     -57.20694       0.00000
     -56.92594       0.00000
     -56.64594       0.00000
     -56.36494       0.00000
     -56.08494       0.00000
     -55.80394       0.00000
     -55.52394       0.00000
     -55.24294       0.00000
     -54.96294       0.00000
     -54.68194       0.00000
     -54.40094       0.00000
     -54.12094       0.00000
     -53.83994       0.00000
     -53.55994       0.00000
     -53.27894       0.00000
     -52.99894       0.00000
     -52.71794       0.00000
     -52.43694       0.00000
     -52.15694       0.00000
     -51.87594       0.00000
     -51.59594       0.00000
     -51.31494       0.00000
     -51.03494       0.00000
     -50.75394       0.00000
     -50.47294       0.00000
     -50.19294       0.00000
     -49.91194       0.00000
     -49.63194       0.00000
     -49.35094       0.00000
     -49.07094       0.00000
     -48.78994       0.00000
     -48.50994       0.00000
     -48.22894       0.00000
     -47.94794       0.00000
     -47.66794       0.00000
     -47.38694       0.00000
     -47.10694       0.00000
     -46.82594       0.00000
     -46.54594       0.00000
     -46.26494       0.00000
     -45.98394       0.00000
     -45.70394       0.00000
     -45.42294       0.00000
     -45.14294       0.00000
     -44.86194       0.00000
     -44.58194       0.00000
     -44.30094       0.00000
     -44.01994       0.00000
     -43.73994      -0.00000
     -43.45894      -0.00000
     -43.17894      -0.00068
     -42.89794       1.65600
     -42.61794     133.00000
     -42.33694      36.57000
     -42.05694      -0.09665
     -41.77594      -0.00000
     -41.49494       0.00000
     -41.21494       0.00000
     -40.93394       0.00000
     -40.65394       0.00000
     -40.37294       0.00000
     -40.09294       0.00000
     -39.81194       0.00000
     -39.53094       0.00000
     -39.25094       0.00000
     -38.96994      -0.00000
     -38.68994      -0.00000
     -38.40894      -0.00000
     -38.12894      -0.38920
     -37.84794      28.18000
     -37.56694      84.60000
     -37.28694      37.91000
     -37.00594      -0.60440
     -36.72594      -0.00000
     -36.44494       0.00000
     -36.16494       0.00000
     -35.88394      -0.00000
     -35.60394      -0.00000
     -35.32294      -0.00001
     -35.04194      -0.00414
     -34.76194      14.96000
     -34.48094      75.58000
     -34.20094      59.70000
     -33.91994      12.37000
     -33.63994      93.51000
     -33.35894      37.81000
     -33.07794       5.47600
     -32.79794      -0.00706
     -32.51694       0.00000
     -32.23694       0.00000
     -31.95594       0.00000
     -31.67594       0.00000
     -31.39494       0.00000
     -31.11394       0.00000
     -30.83394      -0.00000
     -30.55294      -0.00000
     -30.27294      -0.01228
     -29.99194       9.67100
     -29.71194      36.09000
     -29.43094      72.26000
     -29.15094      31.92000
     -28.86994      -0.22180
     -28.58894      -0.00000
     -28.30894       0.00000
     -28.02794       0.00000
     -27.74794       0.00000
     -27.46694       0.00000
     -27.18694       0.00000
     -26.90594       0.00000
     -26.62494       0.00000
     -26.34494       0.00000
     -26.06394       0.00000
     -25.78394       0.00000
     -25.50294       0.00000
     -25.22294       0.00000
     -24.94194       0.00000
     -24.66194       0.00000
     -24.38094       0.00000
     -24.09994       0.00000
     -23.81994       0.00000
     -23.53894       0.00000
     -23.25894       0.00000
     -22.97794       0.00000
     -22.69794       0.00000
     -22.41694       0.00000
     -22.13594       0.00000
     -21.85594       0.00000
     -21.57494       0.00000
     -21.29494       0.00000
     -21.01394       0.00000
     -20.73394       0.00000
     -20.45294       0.00000
     -20.17194       0.00000
     -19.89194       0.00000
     -19.61094       0.00000
     -19.33094       0.00000
     -19.04994       0.00000
     -18.76994       0.00000
     -18.48894       0.00000
     -18.20894       0.00000
     -17.92794       0.00000
     -17.64694       0.00000
     -17.36694       0.00000
     -17.08594       0.00000
     -16.80594       0.00000
     -16.52494       0.00000
     -16.24494       0.00000
     -15.96394       0.00000
     -15.68294       0.00000
     -15.40294       0.00000
     -15.12194       0.00000
     -14.84194       0.00000
     -14.56094       0.00000
     -14.28094       0.00000
     -13.99994       0.00000
     -13.71894       0.00000
     -13.43894       0.00000
     -13.15794       0.00000
     -12.87794       0.00000
     -12.59694       0.00000
     -12.31694       0.00000
     -12.03594       0.00000
     -11.75594       0.00000
     -11.47494       0.00000
     -11.19394       0.00000
     -10.91394       0.00000
     -10.63294       0.00000
     -10.35294       0.00000
     -10.07194       0.00000
      -9.79194       0.00000
      -9.51094       0.00000
      -9.22994       0.00000
      -8.94994       0.00000
      -8.66894      -0.00000
      -8.38894      -0.00000
      -8.10794      -0.00000
      -7.82794      -0.00148
      -7.54694       0.23400
      -7.26594       1.25500
      -6.98594       1.94100
      -6.70494       2.18100
      -6.42494       2.67300
      -6.14394       3.21600
      -5.86394       4.15400
      -5.58294       4.66300
      -5.30294       4.97700
      -5.02194       5.72500
      -4.74094       8.31600
      -4.46094      13.11000
      -4.17994      20.80000
      -3.89994      26.38000
      -3.61894      30.88000
      -3.33894      34.47000
      -3.05794      37.29000
      -2.77694      37.62000
      -2.49694      28.23000
      -2.21594      25.47000
      -1.93594      47.45000
      -1.65494      53.70000
      -1.37494      51.54000
      -1.09394      52.94000
      -0.81294      53.68000
      -0.53294      55.87000
      -0.25194      50.20000
       0.02806      39.27000
       0.30906      23.93000
       0.58906      18.90000
       0.87006      23.20000
       1.15006      36.54000
       1.43106      49.75000
       1.71206      48.28000
       1.99206      41.84000
       2.27306      36.92000
       2.55306      35.66000
       2.83406      35.50000
       3.11406       6.27100
       3.39506      -0.01091
       3.67606      -0.00000
       3.95606       0.00000
       4.23706       0.00000
       4.51706       0.00000
       4.79806       0.00000
       5.07806       0.00000
       5.35906       0.00000
       5.64006       0.00000
       5.92006       0.00000
       6.20106       0.00000
       6.48106       0.00000
       6.76206       0.00000
