      #Energy        TDOS
     -77.49139       0.00000
     -77.20839       0.00000
     -76.92539       0.00000
     -76.64239       0.00000
     -76.35939       0.00000
     -76.07639       0.00000
     -75.79439       0.00000
     -75.51139       0.00000
     -75.22839       0.00000
     -74.94539       0.00000
     -74.66239      -0.00000
     -74.37939      -0.00000
     -74.09639      -0.00000
     -73.81339      -0.16340
     -73.53039      17.53000
     -73.24839       9.12000
     -72.96539       1.79700
     -72.68239      -0.00031
     -72.39939       0.00000
     -72.11639       0.00000
     -71.83339       0.00000
     -71.55039       0.00000
     -71.26739       0.00000
     -70.98539       0.00000
     -70.70239       0.00000
     -70.41939       0.00000
     -70.13639       0.00000
     -69.85339       0.00000
     -69.57039       0.00000
     -69.28739       0.00000
     -69.00439       0.00000
     -68.72239       0.00000
     -68.43939       0.00000
     -68.15639       0.00000
     -67.87339       0.00000
     -67.59039       0.00000
     -67.30739       0.00000
     -67.02439       0.00000
     -66.74139       0.00000
     -66.45939       0.00000
     -66.17639       0.00000
     -65.89339       0.00000
     -65.61039       0.00000
     -65.32739       0.00000
     -65.04439       0.00000
     -64.76139       0.00000
     -64.47839       0.00000
     -64.19539       0.00000
     -63.91339       0.00000
     -63.63039       0.00000
     -63.34739       0.00000
     -63.06439       0.00000
     -62.78139       0.00000
     -62.49839       0.00000
     -62.21539       0.00000
     -61.93239       0.00000
     -61.65039      -0.00000
     -61.36739      -0.00000
     -61.08439      -0.00000
     -60.80139      -0.26090
     -60.51839      30.50000
     -60.23539      93.67000
     -59.95239      10.43000
     -59.66939      -0.00434
     -59.38739       0.00000
     -59.10439       0.00000
     -58.82139       0.00000
     -58.53839       0.00000
     -58.25539       0.00000
     -57.97239       0.00000
     -57.68939       0.00000
     -57.40639       0.00000
     -57.12439       0.00000
     -56.84139       0.00000
     -56.55839       0.00000
     -56.27539       0.00000
     -55.99239       0.00000
     -55.70939       0.00000
     -55.42639       0.00000
     -55.14339       0.00000
     -54.86139       0.00000
     -54.57839       0.00000
     -54.29539       0.00000
     -54.01239       0.00000
     -53.72939       0.00000
     -53.44639       0.00000
     -53.16339       0.00000
     -52.88039       0.00000
     -52.59739       0.00000
     -52.31539       0.00000
     -52.03239       0.00000
     -51.74939       0.00000
     -51.46639       0.00000
     -51.18339       0.00000
     -50.90039       0.00000
     -50.61739       0.00000
     -50.33439       0.00000
     -50.05239       0.00000
     -49.76939       0.00000
     -49.48639       0.00000
     -49.20339       0.00000
     -48.92039      -0.00000
     -48.63739      -0.00000
     -48.35439      -0.00000
     -48.07139      -0.07312
     -47.78939      12.38000
     -47.50639       8.93500
     -47.22339      -0.02873
     -46.94039      -0.00000
     -46.65739       0.00000
     -46.37439       0.00000
     -46.09139       0.00000
     -45.80839       0.00000
     -45.52639       0.00000
     -45.24339       0.00000
     -44.96039       0.00000
     -44.67739       0.00000
     -44.39439       0.00000
     -44.11139       0.00000
     -43.82839       0.00000
     -43.54539       0.00000
     -43.26239       0.00000
     -42.98039       0.00000
     -42.69739       0.00000
     -42.41439       0.00000
     -42.13139       0.00000
     -41.84839       0.00000
     -41.56539       0.00000
     -41.28239       0.00000
     -40.99939       0.00000
     -40.71739       0.00000
     -40.43439       0.00000
     -40.15139       0.00000
     -39.86839       0.00000
     -39.58539       0.00000
     -39.30239       0.00000
     -39.01939      -0.00000
     -38.73639      -0.00000
     -38.45439      -0.00000
     -38.17139      -0.10520
     -37.88839      14.15000
     -37.60539      50.66000
     -37.32239      20.46000
     -37.03939      -0.32460
     -36.75639      -0.00000
     -36.47339       0.00000
     -36.19139       0.00000
     -35.90839      -0.00000
     -35.62539      -0.00000
     -35.34239      -0.00011
     -35.05939      -0.33570
     -34.77639      92.28000
     -34.49339     104.20000
     -34.21039     171.60000
     -33.92839      35.44000
     -33.64539      -0.18040
     -33.36239      -0.00000
     -33.07939       0.00000
     -32.79639       0.00000
     -32.51339       0.00000
     -32.23039       0.00000
     -31.94739       0.00000
     -31.66439       0.00000
     -31.38239       0.00000
     -31.09939      -0.00000
     -30.81639      -0.00000
     -30.53339      -0.00615
     -30.25039       4.66100
     -29.96739      33.98000
     -29.68439     113.70000
     -29.40139      59.77000
     -29.11939       0.02217
     -28.83639      -0.00007
     -28.55339       0.00000
     -28.27039       0.00000
     -27.98739       0.00000
     -27.70439       0.00000
     -27.42139       0.00000
     -27.13839      -0.00000
     -26.85639      -0.00000
     -26.57339      -0.00178
     -26.29039       3.37200
     -26.00739      15.12000
     -25.72439      36.38000
     -25.44139       8.80800
     -25.15839      -0.04423
     -24.87539      -0.00000
     -24.59339       0.00000
     -24.31039       0.00000
     -24.02739       0.00000
     -23.74439       0.00000
     -23.46139       0.00000
     -23.17839       0.00000
     -22.89539       0.00000
     -22.61239       0.00000
     -22.32939       0.00000
     -22.04739       0.00000
     -21.76439       0.00000
     -21.48139       0.00000
     -21.19839       0.00000
     -20.91539       0.00000
     -20.63239       0.00000
     -20.34939       0.00000
     -20.06639       0.00000
     -19.78439       0.00000
     -19.50139       0.00000
     -19.21839       0.00000
     -18.93539       0.00000
     -18.65239       0.00000
     -18.36939       0.00000
     -18.08639       0.00000
     -17.80339       0.00000
     -17.52139       0.00000
     -17.23839       0.00000
     -16.95539       0.00000
     -16.67239       0.00000
     -16.38939       0.00000
     -16.10639       0.00000
     -15.82339       0.00000
     -15.54039       0.00000
     -15.25839       0.00000
     -14.97539       0.00000
     -14.69239       0.00000
     -14.40939       0.00000
     -14.12639       0.00000
     -13.84339       0.00000
     -13.56039       0.00000
     -13.27739       0.00000
     -12.99539       0.00000
     -12.71239       0.00000
     -12.42939       0.00000
     -12.14639       0.00000
     -11.86339       0.00000
     -11.58039       0.00000
     -11.29739       0.00000
     -11.01439       0.00000
     -10.73139       0.00000
     -10.44939       0.00000
     -10.16639       0.00000
      -9.88339       0.00000
      -9.60039       0.00000
      -9.31739       0.00000
      -9.03439       0.00000
      -8.75139       0.00000
      -8.46839       0.00000
      -8.18639       0.00000
      -7.90339      -0.00000
      -7.62039      -0.00000
      -7.33739      -0.00000
      -7.05439      -0.00648
      -6.77139       0.69250
      -6.48839       1.68900
      -6.20539       1.91000
      -5.92339       2.77700
      -5.64039       3.47200
      -5.35739       3.97800
      -5.07439       4.83600
      -4.79139       5.66500
      -4.50839       7.43900
      -4.22539      13.18000
      -3.94239      23.41000
      -3.66039      31.75000
      -3.37739      37.30000
      -3.09439      40.80000
      -2.81139      43.79000
      -2.52839      37.87000
      -2.24539      26.51000
      -1.96239      52.55000
      -1.67939      57.46000
      -1.39639      49.65000
      -1.11439      45.13000
      -0.83139      49.79000
      -0.54839      50.54000
      -0.26539      43.96000
       0.01761      37.64000
       0.30061      28.15000
       0.58361      22.97000
       0.86661      19.85000
       1.14861      20.17000
       1.43161      28.59000
       1.71461      38.10000
       1.99761      44.03000
       2.28061      46.46000
       2.56361      46.36000
       2.84661      43.35000
       3.12961      38.98000
       3.41161      33.83000
       3.69461       4.20300
       3.97761      -0.00803
       4.26061      -0.00000
       4.54361       0.00000
       4.82661       0.00000
       5.10961       0.00000
       5.39261       0.00000
       5.67461       0.00000
       5.95761       0.00000
       6.24061       0.00000
       6.52361       0.00000
       6.80661       0.00000
       7.08961       0.00000
       7.37261       0.00000
