      #Energy        TDOS
     -77.36935       0.00000
     -77.08835       0.00000
     -76.80635       0.00000
     -76.52535       0.00000
     -76.24335       0.00000
     -75.96235       0.00000
     -75.68035       0.00000
     -75.39935       0.00000
     -75.11735       0.00000
     -74.83635       0.00000
     -74.55435      -0.00000
     -74.27335      -0.00000
     -73.99135      -0.00000
     -73.71035      -0.10490
     -73.42835       6.97800
     -73.14735      14.75000
     -72.86535      -0.30300
     -72.58435      -0.00000
     -72.30235       0.00000
     -72.02135       0.00000
     -71.73935       0.00000
     -71.45835       0.00000
     -71.17635       0.00000
     -70.89535       0.00000
     -70.61335       0.00000
     -70.33235       0.00000
     -70.05035       0.00000
     -69.76935       0.00000
     -69.48835       0.00000
     -69.20635       0.00000
     -68.92535       0.00000
     -68.64335       0.00000
     -68.36235       0.00000
     -68.08035       0.00000
     -67.79935       0.00000
     -67.51735       0.00000
     -67.23635       0.00000
     -66.95435       0.00000
     -66.67335       0.00000
     -66.39135       0.00000
     -66.11035       0.00000
     -65.82835       0.00000
     -65.54735       0.00000
     -65.26535       0.00000
     -64.98435       0.00000
     -64.70235       0.00000
     -64.42135       0.00000
     -64.13935       0.00000
     -63.85835       0.00000
     -63.57635       0.00000
     -63.29535       0.00000
     -63.01335       0.00000
     -62.73235       0.00000
     -62.45035       0.00000
     -62.16935       0.00000
     -61.88735       0.00000
     -61.60635       0.00000
     -61.32435      -0.00000
     -61.04335      -0.00000
     -60.76135      -0.00000
     -60.48035      -0.23350
     -60.19835      12.77000
     -59.91735       8.78700
     -59.63535      -0.00827
     -59.35435       0.00000
     -59.07235       0.00000
     -58.79135       0.00000
     -58.50935       0.00000
     -58.22835       0.00000
     -57.94635       0.00000
     -57.66535      -0.00000
     -57.38335      -0.00000
     -57.10235      -0.00000
     -56.82135      -0.09396
     -56.53935      23.88000
     -56.25835       4.63200
     -55.97635      -0.00126
     -55.69535       0.00000
     -55.41335      -0.00000
     -55.13235      -0.00000
     -54.85035      -0.00000
     -54.56935      -0.47330
     -54.28735      37.40000
     -54.00635      41.56000
     -53.72435      -0.33260
     -53.44335      -0.00000
     -53.16135       0.00000
     -52.88035       0.00000
     -52.59835       0.00000
     -52.31735       0.00000
     -52.03535       0.00000
     -51.75435       0.00000
     -51.47235       0.00000
     -51.19135       0.00000
     -50.90935       0.00000
     -50.62835       0.00000
     -50.34635       0.00000
     -50.06535       0.00000
     -49.78335       0.00000
     -49.50235       0.00000
     -49.22035      -0.00000
     -48.93935      -0.00000
     -48.65735      -0.00250
     -48.37635       3.07900
     -48.09435      69.09000
     -47.81335      34.50000
     -47.53135      -0.08562
     -47.25035      -0.00000
     -46.96835       0.00000
     -46.68735       0.00000
     -46.40535       0.00000
     -46.12435       0.00000
     -45.84235       0.00000
     -45.56135       0.00000
     -45.27935       0.00000
     -44.99835       0.00000
     -44.71635       0.00000
     -44.43535       0.00000
     -44.15435       0.00000
     -43.87235       0.00000
     -43.59135       0.00000
     -43.30935       0.00000
     -43.02835       0.00000
     -42.74635       0.00000
     -42.46535       0.00000
     -42.18335       0.00000
     -41.90235       0.00000
     -41.62035       0.00000
     -41.33935       0.00000
     -41.05735       0.00000
     -40.77635       0.00000
     -40.49435       0.00000
     -40.21335       0.00000
     -39.93135       0.00000
     -39.65035       0.00000
     -39.36835       0.00000
     -39.08735       0.00000
     -38.80535      -0.00000
     -38.52435      -0.00000
     -38.24235      -0.00001
     -37.96135      -0.06576
     -37.67935      19.97000
     -37.39835      41.17000
     -37.11635       2.87300
     -36.83535      -0.00106
     -36.55335       0.00000
     -36.27235       0.00000
     -35.99035       0.00000
     -35.70935       0.00000
     -35.42735      -0.00000
     -35.14635      -0.00000
     -34.86435      -0.00703
     -34.58335       5.00500
     -34.30135      32.94000
     -34.02035      26.18000
     -33.73835      -0.17530
     -33.45735      -0.00000
     -33.17535      -0.03351
     -32.89435      21.82000
     -32.61235      63.91000
     -32.33135      -0.42930
     -32.04935      -0.00000
     -31.76835      -0.00000
     -31.48735      -0.00000
     -31.20535      -0.00006
     -30.92435       0.11040
     -30.64235      46.75000
     -30.36135      71.48000
     -30.07935      94.18000
     -29.79835      22.13000
     -29.51635      -0.17980
     -29.23535      -0.00000
     -28.95335       0.00000
     -28.67235       0.00000
     -28.39035       0.00000
     -28.10935       0.00000
     -27.82735      -0.00000
     -27.54635      -0.00000
     -27.26435      -0.00000
     -26.98335      -0.14220
     -26.70135      18.36000
     -26.42035      64.62000
     -26.13835     113.30000
     -25.85735     113.40000
     -25.57535      10.22000
     -25.29435      -0.01025
     -25.01235       0.00000
     -24.73135       0.00000
     -24.44935       0.00000
     -24.16835       0.00000
     -23.88635       0.00000
     -23.60535       0.00000
     -23.32335       0.00000
     -23.04235       0.00000
     -22.76035       0.00000
     -22.47935       0.00000
     -22.19735       0.00000
     -21.91635       0.00000
     -21.63435       0.00000
     -21.35335       0.00000
     -21.07135       0.00000
     -20.79035       0.00000
     -20.50835       0.00000
     -20.22735       0.00000
     -19.94535       0.00000
     -19.66435       0.00000
     -19.38335       0.00000
     -19.10135       0.00000
     -18.82035       0.00000
     -18.53835       0.00000
     -18.25735       0.00000
     -17.97535       0.00000
     -17.69435       0.00000
     -17.41235       0.00000
     -17.13135       0.00000
     -16.84935       0.00000
     -16.56835       0.00000
     -16.28635       0.00000
     -16.00535       0.00000
     -15.72335       0.00000
     -15.44235       0.00000
     -15.16035       0.00000
     -14.87935       0.00000
     -14.59735       0.00000
     -14.31635       0.00000
     -14.03435       0.00000
     -13.75335       0.00000
     -13.47135       0.00000
     -13.19035       0.00000
     -12.90835       0.00000
     -12.62735       0.00000
     -12.34535       0.00000
     -12.06435       0.00000
     -11.78235       0.00000
     -11.50135       0.00000
     -11.21935       0.00000
     -10.93835       0.00000
     -10.65635       0.00000
     -10.37535       0.00000
     -10.09335       0.00000
      -9.81235       0.00000
      -9.53035       0.00000
      -9.24935       0.00000
      -8.96735       0.00000
      -8.68635       0.00000
      -8.40435       0.00000
      -8.12335       0.00000
      -7.84135       0.00000
      -7.56035       0.00000
      -7.27835       0.00000
      -6.99735      -0.00000
      -6.71635      -0.00000
      -6.43435      -0.00000
      -6.15335       0.00264
      -5.87135       1.21900
      -5.59035       2.73200
      -5.30835       2.20100
      -5.02735       2.32400
      -4.74535       2.76100
      -4.46435       4.63200
      -4.18235       5.85000
      -3.90135       7.61100
      -3.61935      10.11000
      -3.33835      18.89000
      -3.05635      31.93000
      -2.77535      37.64000
      -2.49335      41.44000
      -2.21235      44.53000
      -1.93035      41.76000
      -1.64935      29.49000
      -1.36735      50.74000
      -1.08635      55.98000
      -0.80435      52.35000
      -0.52335      52.15000
      -0.24135      52.62000
       0.03965      51.56000
       0.32165      47.39000
       0.60265      40.86000
       0.88465      32.06000
       1.16565      21.81000
       1.44765      24.00000
       1.72865      30.61000
       2.01065      38.44000
       2.29165      42.92000
       2.57365      47.15000
       2.85465      48.36000
       3.13665      44.63000
       3.41765       4.39400
       3.69965      -0.00556
       3.98065      -0.00000
       4.26265       0.00000
       4.54365       0.00000
       4.82565       0.00000
       5.10665       0.00000
       5.38865       0.00000
       5.66965       0.00000
       5.95065       0.00000
       6.23265       0.00000
       6.51365       0.00000
       6.79565       0.00000
       7.07665       0.00000
