      #Energy        TDOS
     -77.61612       0.00000
     -77.33312       0.00000
     -77.05012       0.00000
     -76.76712       0.00000
     -76.48512       0.00000
     -76.20212       0.00000
     -75.91912       0.00000
     -75.63612       0.00000
     -75.35312       0.00000
     -75.07012       0.00000
     -74.78712      -0.00000
     -74.50412      -0.00000
     -74.22212      -0.00000
     -73.93912      -0.20280
     -73.65612      25.04000
     -73.37312      45.67000
     -73.09012       0.19860
     -72.80712      -0.00007
     -72.52412       0.00000
     -72.24212       0.00000
     -71.95912       0.00000
     -71.67612       0.00000
     -71.39312       0.00000
     -71.11012       0.00000
     -70.82712       0.00000
     -70.54412       0.00000
     -70.26212       0.00000
     -69.97912       0.00000
     -69.69612       0.00000
     -69.41312       0.00000
     -69.13012       0.00000
     -68.84712       0.00000
     -68.56412       0.00000
     -68.28212       0.00000
     -67.99912       0.00000
     -67.71612       0.00000
     -67.43312       0.00000
     -67.15012       0.00000
     -66.86712       0.00000
     -66.58412       0.00000
     -66.30112       0.00000
     -66.01912       0.00000
     -65.73612       0.00000
     -65.45312       0.00000
     -65.17012       0.00000
     -64.88712       0.00000
     -64.60412       0.00000
     -64.32112       0.00000
     -64.03912       0.00000
     -63.75612       0.00000
     -63.47312       0.00000
     -63.19012       0.00000
     -62.90712       0.00000
     -62.62412       0.00000
     -62.34112       0.00000
     -62.05912       0.00000
     -61.77612      -0.00000
     -61.49312      -0.00000
     -61.21012      -0.00000
     -60.92712      -0.24250
     -60.64412      34.94000
     -60.36112      96.33000
     -60.07912       3.31500
     -59.79612      -0.00051
     -59.51312       0.00000
     -59.23012       0.00000
     -58.94712       0.00000
     -58.66412       0.00000
     -58.38112       0.00000
     -58.09812       0.00000
     -57.81612       0.00000
     -57.53312      -0.00000
     -57.25012      -0.00000
     -56.96712      -0.00000
     -56.68412      -0.01956
     -56.40112      11.13000
     -56.11812      14.52000
     -55.83612       2.65300
     -55.55312      -0.00076
     -55.27012       0.00000
     -54.98712       0.00000
     -54.70412       0.00000
     -54.42112       0.00000
     -54.13812       0.00000
     -53.85612       0.00000
     -53.57312       0.00000
     -53.29012       0.00000
     -53.00712       0.00000
     -52.72412       0.00000
     -52.44112       0.00000
     -52.15812       0.00000
     -51.87612       0.00000
     -51.59312       0.00000
     -51.31012       0.00000
     -51.02712       0.00000
     -50.74412       0.00000
     -50.46112       0.00000
     -50.17812       0.00000
     -49.89512       0.00000
     -49.61312       0.00000
     -49.33012       0.00000
     -49.04712       0.00000
     -48.76412       0.00000
     -48.48112       0.00000
     -48.19812       0.00000
     -47.91512       0.00000
     -47.63312       0.00000
     -47.35012       0.00000
     -47.06712       0.00000
     -46.78412       0.00000
     -46.50112       0.00000
     -46.21812       0.00000
     -45.93512       0.00000
     -45.65312       0.00000
     -45.37012       0.00000
     -45.08712       0.00000
     -44.80412       0.00000
     -44.52112       0.00000
     -44.23812       0.00000
     -43.95512       0.00000
     -43.67312       0.00000
     -43.39012       0.00000
     -43.10712       0.00000
     -42.82412       0.00000
     -42.54112       0.00000
     -42.25812       0.00000
     -41.97512       0.00000
     -41.69212       0.00000
     -41.41012       0.00000
     -41.12712       0.00000
     -40.84412       0.00000
     -40.56112       0.00000
     -40.27812       0.00000
     -39.99512       0.00000
     -39.71212       0.00000
     -39.43012       0.00000
     -39.14712      -0.00000
     -38.86412      -0.00000
     -38.58112      -0.00003
     -38.29812      -0.45020
     -38.01512      57.53000
     -37.73212      81.02000
     -37.45012      72.29000
     -37.16712       1.73200
     -36.88412      -0.00046
     -36.60112       0.00000
     -36.31812      -0.00000
     -36.03512      -0.00000
     -35.75212      -0.00000
     -35.47012      -0.03048
     -35.18712      14.01000
     -34.90412      94.88000
     -34.62112      96.70000
     -34.33812     146.80000
     -34.05512      50.81000
     -33.77212      -0.14340
     -33.48912      -0.00000
     -33.20712      -0.00000
     -32.92412      -0.13460
     -32.64112      35.86000
     -32.35812      42.69000
     -32.07512       6.43900
     -31.79212      -0.00206
     -31.50912       0.00000
     -31.22712       0.00000
     -30.94412       0.00000
     -30.66112      -0.00000
     -30.37812      -0.00000
     -30.09512      -0.00000
     -29.81212      -0.30570
     -29.52912      48.29000
     -29.24712      15.67000
     -28.96412      -0.01476
     -28.68112       0.00000
     -28.39812       0.00000
     -28.11512       0.00000
     -27.83212       0.00000
     -27.54912       0.00000
     -27.26712       0.00000
     -26.98412       0.00000
     -26.70112       0.00000
     -26.41812       0.00000
     -26.13512       0.00000
     -25.85212       0.00000
     -25.56912       0.00000
     -25.28612       0.00000
     -25.00412       0.00000
     -24.72112       0.00000
     -24.43812       0.00000
     -24.15512       0.00000
     -23.87212       0.00000
     -23.58912       0.00000
     -23.30612       0.00000
     -23.02412       0.00000
     -22.74112       0.00000
     -22.45812       0.00000
     -22.17512       0.00000
     -21.89212       0.00000
     -21.60912       0.00000
     -21.32612       0.00000
     -21.04412       0.00000
     -20.76112       0.00000
     -20.47812       0.00000
     -20.19512       0.00000
     -19.91212       0.00000
     -19.62912       0.00000
     -19.34612       0.00000
     -19.06412       0.00000
     -18.78112       0.00000
     -18.49812       0.00000
     -18.21512       0.00000
     -17.93212       0.00000
     -17.64912       0.00000
     -17.36612       0.00000
     -17.08312       0.00000
     -16.80112       0.00000
     -16.51812       0.00000
     -16.23512       0.00000
     -15.95212       0.00000
     -15.66912       0.00000
     -15.38612       0.00000
     -15.10312       0.00000
     -14.82112       0.00000
     -14.53812       0.00000
     -14.25512       0.00000
     -13.97212       0.00000
     -13.68912       0.00000
     -13.40612       0.00000
     -13.12312       0.00000
     -12.84112       0.00000
     -12.55812       0.00000
     -12.27512       0.00000
     -11.99212       0.00000
     -11.70912       0.00000
     -11.42612       0.00000
     -11.14312       0.00000
     -10.86112       0.00000
     -10.57812       0.00000
     -10.29512       0.00000
     -10.01212       0.00000
      -9.72912       0.00000
      -9.44612       0.00000
      -9.16312       0.00000
      -8.88012       0.00000
      -8.59812      -0.00000
      -8.31512      -0.00000
      -8.03212      -0.00000
      -7.74912      -0.00148
      -7.46612       0.26790
      -7.18312       1.51400
      -6.90012       2.05000
      -6.61812       2.04700
      -6.33512       2.92300
      -6.05212       2.88100
      -5.76912       4.14500
      -5.48612       4.62400
      -5.20312       6.17400
      -4.92012       7.54600
      -4.63812      16.94000
      -4.35512      23.86000
      -4.07212      31.25000
      -3.78912      36.46000
      -3.50612      42.67000
      -3.22312      43.56000
      -2.94012      34.15000
      -2.65812      25.40000
      -2.37512      55.25000
      -2.09212      59.76000
      -1.80912      47.29000
      -1.52612      41.83000
      -1.24312      46.50000
      -0.96012      52.77000
      -0.67712      48.08000
      -0.39512      38.95000
      -0.11212      27.25000
       0.17088      18.10000
       0.45388      18.65000
       0.73688      17.51000
       1.01988      23.99000
       1.30288      31.04000
       1.58488      37.82000
       1.86788      43.82000
       2.15088      47.28000
       2.43388      52.82000
       2.71688      49.22000
       2.99988      60.69000
       3.28288      54.29000
       3.56488       5.29400
       3.84788      -0.01002
       4.13088      -0.00000
       4.41388       0.00000
       4.69688       0.00000
       4.97988       0.00000
       5.26288       0.00000
       5.54488       0.00000
       5.82788       0.00000
       6.11088       0.00000
       6.39388       0.00000
       6.67688       0.00000
       6.95988       0.00000
       7.24288       0.00000
