      #Energy        TDOS
     -67.26997       0.00000
     -67.02597       0.00000
     -66.78097       0.00000
     -66.53597       0.00000
     -66.29197       0.00000
     -66.04697       0.00000
     -65.80297       0.00000
     -65.55797       0.00000
     -65.31397       0.00000
     -65.06897       0.00000
     -64.82497      -0.00000
     -64.57997      -0.00000
     -64.33497      -0.00000
     -64.09097      -0.34160
     -63.84597      25.75000
     -63.60197      89.93000
     -63.35697      -0.84030
     -63.11297      -0.00076
     -62.86797      -0.00000
     -62.62397       0.00000
     -62.37897       0.00000
     -62.13497       0.00000
     -61.88997       0.00000
     -61.64497       0.00000
     -61.40097      -0.00000
     -61.15597      -0.00000
     -60.91197      -0.00000
     -60.66697      -0.12640
     -60.42297      18.44000
     -60.17797      68.53000
     -59.93397       3.12600
     -59.68897      -0.00956
     -59.44397      -0.00000
     -59.19997       0.00000
     -58.95497       0.00000
     -58.71097       0.00000
     -58.46597       0.00000
     -58.22197       0.00000
     -57.97697       0.00000
     -57.73297       0.00000
     -57.48797       0.00000
     -57.24297       0.00000
     -56.99897       0.00000
     -56.75397       0.00000
     -56.50997       0.00000
     -56.26497       0.00000
     -56.02097       0.00000
     -55.77597       0.00000
     -55.53197       0.00000
     -55.28697       0.00000
     -55.04297       0.00000
     -54.79797       0.00000
     -54.55297       0.00000
     -54.30897       0.00000
     -54.06397       0.00000
     -53.81997       0.00000
     -53.57497       0.00000
     -53.33097       0.00000
     -53.08597       0.00000
     -52.84197       0.00000
     -52.59697       0.00000
     -52.35197       0.00000
     -52.10797       0.00000
     -51.86297       0.00000
     -51.61897       0.00000
     -51.37397       0.00000
     -51.12997       0.00000
     -50.88497       0.00000
     -50.64097       0.00000
     -50.39597       0.00000
     -50.15097       0.00000
     -49.90697       0.00000
     -49.66197       0.00000
     -49.41797       0.00000
     -49.17297       0.00000
     -48.92897       0.00000
     -48.68397       0.00000
     -48.43997       0.00000
     -48.19497       0.00000
     -47.95097       0.00000
     -47.70597       0.00000
     -47.46097       0.00000
     -47.21697       0.00000
     -46.97197       0.00000
     -46.72797       0.00000
     -46.48297       0.00000
     -46.23897       0.00000
     -45.99397       0.00000
     -45.74997       0.00000
     -45.50497       0.00000
     -45.25997       0.00000
     -45.01597       0.00000
     -44.77097       0.00000
     -44.52697       0.00000
     -44.28197       0.00000
     -44.03797       0.00000
     -43.79297       0.00000
     -43.54897      -0.00000
     -43.30397      -0.00000
     -43.05897      -0.00027
     -42.81497      -1.12400
     -42.56997      76.42000
     -42.32597      23.12000
     -42.08097      -0.27320
     -41.83697      -0.00000
     -41.59197       0.00000
     -41.34797       0.00000
     -41.10297       0.00000
     -40.85897       0.00000
     -40.61397       0.00000
     -40.36897       0.00000
     -40.12497       0.00000
     -39.87997       0.00000
     -39.63597       0.00000
     -39.39097       0.00000
     -39.14697       0.00000
     -38.90197      -0.00000
     -38.65797      -0.00000
     -38.41297      -0.00000
     -38.16797      -0.00569
     -37.92397       2.16800
     -37.67897     146.20000
     -37.43497     173.90000
     -37.18997      21.39000
     -36.94597      -0.14920
     -36.70097      -0.00000
     -36.45697       0.00000
     -36.21197       0.00000
     -35.96697      -0.00000
     -35.72297      -0.00000
     -35.47797      -0.00000
     -35.23397      -0.01115
     -34.98897       3.57300
     -34.74497      33.67000
     -34.49997      63.25000
     -34.25597     119.40000
     -34.01097      48.28000
     -33.76697       1.71500
     -33.52197      -0.00307
     -33.27697      -0.00000
     -33.03297       0.00000
     -32.78797       0.00000
     -32.54397       0.00000
     -32.29897       0.00000
     -32.05497       0.00000
     -31.80997       0.00000
     -31.56597       0.00000
     -31.32097       0.00000
     -31.07597      -0.00000
     -30.83197      -0.00000
     -30.58697      -0.00000
     -30.34297      -0.00825
     -30.09797       2.05700
     -29.85397      27.51000
     -29.60897      74.78000
     -29.36497      66.88000
     -29.11997       0.51720
     -28.87497      -0.00158
     -28.63097      -0.00000
     -28.38597       0.00000
     -28.14197       0.00000
     -27.89697       0.00000
     -27.65297       0.00000
     -27.40797       0.00000
     -27.16397       0.00000
     -26.91897       0.00000
     -26.67497       0.00000
     -26.42997       0.00000
     -26.18497       0.00000
     -25.94097       0.00000
     -25.69597       0.00000
     -25.45197       0.00000
     -25.20697       0.00000
     -24.96297       0.00000
     -24.71797       0.00000
     -24.47397       0.00000
     -24.22897       0.00000
     -23.98397       0.00000
     -23.73997       0.00000
     -23.49497       0.00000
     -23.25097       0.00000
     -23.00597       0.00000
     -22.76197       0.00000
     -22.51697       0.00000
     -22.27297       0.00000
     -22.02797       0.00000
     -21.78297       0.00000
     -21.53897       0.00000
     -21.29397       0.00000
     -21.04997       0.00000
     -20.80497       0.00000
     -20.56097       0.00000
     -20.31597       0.00000
     -20.07197       0.00000
     -19.82697       0.00000
     -19.58297       0.00000
     -19.33797       0.00000
     -19.09297       0.00000
     -18.84897       0.00000
     -18.60397       0.00000
     -18.35997       0.00000
     -18.11497       0.00000
     -17.87097       0.00000
     -17.62597       0.00000
     -17.38197       0.00000
     -17.13697       0.00000
     -16.89197       0.00000
     -16.64797       0.00000
     -16.40297       0.00000
     -16.15897       0.00000
     -15.91397       0.00000
     -15.66997       0.00000
     -15.42497       0.00000
     -15.18097       0.00000
     -14.93597       0.00000
     -14.69097       0.00000
     -14.44697       0.00000
     -14.20197       0.00000
     -13.95797       0.00000
     -13.71297       0.00000
     -13.46897       0.00000
     -13.22397       0.00000
     -12.97997       0.00000
     -12.73497       0.00000
     -12.49097       0.00000
     -12.24597       0.00000
     -12.00097       0.00000
     -11.75697       0.00000
     -11.51197       0.00000
     -11.26797       0.00000
     -11.02297       0.00000
     -10.77897       0.00000
     -10.53397       0.00000
     -10.28997       0.00000
     -10.04497       0.00000
      -9.79997       0.00000
      -9.55597       0.00000
      -9.31097       0.00000
      -9.06697       0.00000
      -8.82197       0.00000
      -8.57797       0.00000
      -8.33297       0.00000
      -8.08897       0.00000
      -7.84397      -0.00000
      -7.59897      -0.00000
      -7.35497      -0.00000
      -7.10997      -0.00001
      -6.86597       0.00982
      -6.62097       0.75750
      -6.37697       1.40900
      -6.13197       2.04000
      -5.88797       2.45200
      -5.64297       2.63000
      -5.39897       3.72700
      -5.15397       4.19900
      -4.90897       4.70400
      -4.66497       5.13200
      -4.41997       6.63200
      -4.17597       7.99700
      -3.93097      13.30000
      -3.68697      27.40000
      -3.44197      31.42000
      -3.19797      36.52000
      -2.95297      36.27000
      -2.70797      41.24000
      -2.46397      42.83000
      -2.21897      34.35000
      -1.97497      31.16000
      -1.72997      43.12000
      -1.48597      54.26000
      -1.24097      56.25000
      -0.99697      55.14000
      -0.75197      58.04000
      -0.50697      59.41000
      -0.26297      55.81000
      -0.01797      47.37000
       0.22603      39.07000
       0.47103      28.26000
       0.71503      23.54000
       0.96003      24.87000
       1.20403      35.77000
       1.44903      50.89000
       1.69303      57.91000
       1.93803      60.59000
       2.18303      61.68000
       2.42703      57.62000
       2.67203      51.55000
       2.91603      10.36000
       3.16103      -0.06637
       3.40503      -0.00000
       3.65003       0.00000
       3.89403       0.00000
       4.13903       0.00000
       4.38403       0.00000
       4.62803       0.00000
       4.87303       0.00000
       5.11703       0.00000
       5.36203       0.00000
       5.60603       0.00000
       5.85103       0.00000
       6.09503       0.00000
