      #Energy        TDOS
     -77.35404       0.00000
     -77.07404       0.00000
     -76.79304       0.00000
     -76.51204       0.00000
     -76.23204       0.00000
     -75.95104       0.00000
     -75.67004       0.00000
     -75.39004       0.00000
     -75.10904       0.00000
     -74.82804       0.00000
     -74.54804      -0.00000
     -74.26704      -0.00000
     -73.98704      -0.00000
     -73.70604      -0.22010
     -73.42504      48.44000
     -73.14504      79.15000
     -72.86404       0.90010
     -72.58304      -0.00042
     -72.30304       0.00000
     -72.02204       0.00000
     -71.74104       0.00000
     -71.46104       0.00000
     -71.18004       0.00000
     -70.89904       0.00000
     -70.61904       0.00000
     -70.33804       0.00000
     -70.05704       0.00000
     -69.77704       0.00000
     -69.49604       0.00000
     -69.21504       0.00000
     -68.93504       0.00000
     -68.65404       0.00000
     -68.37304       0.00000
     -68.09304       0.00000
     -67.81204       0.00000
     -67.53204       0.00000
     -67.25104       0.00000
     -66.97004       0.00000
     -66.69004       0.00000
     -66.40904       0.00000
     -66.12804       0.00000
     -65.84804       0.00000
     -65.56704       0.00000
     -65.28604       0.00000
     -65.00604       0.00000
     -64.72504       0.00000
     -64.44404       0.00000
     -64.16404       0.00000
     -63.88304       0.00000
     -63.60204       0.00000
     -63.32204       0.00000
     -63.04104       0.00000
     -62.76004       0.00000
     -62.48004       0.00000
     -62.19904       0.00000
     -61.91804       0.00000
     -61.63804       0.00000
     -61.35704       0.00000
     -61.07604       0.00000
     -60.79604       0.00000
     -60.51504       0.00000
     -60.23504       0.00000
     -59.95404       0.00000
     -59.67304       0.00000
     -59.39304       0.00000
     -59.11204       0.00000
     -58.83104       0.00000
     -58.55104       0.00000
     -58.27004       0.00000
     -57.98904       0.00000
     -57.70904       0.00000
     -57.42804       0.00000
     -57.14704      -0.00000
     -56.86704      -0.00000
     -56.58604      -0.00010
     -56.30504      -0.66120
     -56.02504      73.48000
     -55.74404      -1.55600
     -55.46304      -0.00001
     -55.18304       0.00000
     -54.90204       0.00000
     -54.62104       0.00000
     -54.34104       0.00000
     -54.06004       0.00000
     -53.78004       0.00000
     -53.49904       0.00000
     -53.21804       0.00000
     -52.93804       0.00000
     -52.65704       0.00000
     -52.37604       0.00000
     -52.09604       0.00000
     -51.81504       0.00000
     -51.53404       0.00000
     -51.25404       0.00000
     -50.97304       0.00000
     -50.69204       0.00000
     -50.41204       0.00000
     -50.13104       0.00000
     -49.85004       0.00000
     -49.57004       0.00000
     -49.28904       0.00000
     -49.00804       0.00000
     -48.72804       0.00000
     -48.44704       0.00000
     -48.16604       0.00000
     -47.88604       0.00000
     -47.60504       0.00000
     -47.32504       0.00000
     -47.04404       0.00000
     -46.76304       0.00000
     -46.48304       0.00000
     -46.20204       0.00000
     -45.92104       0.00000
     -45.64104       0.00000
     -45.36004       0.00000
     -45.07904       0.00000
     -44.79904       0.00000
     -44.51804       0.00000
     -44.23704       0.00000
     -43.95704      -0.00000
     -43.67604      -0.00000
     -43.39504      -0.00000
     -43.11504      -0.39500
     -42.83404      48.30000
     -42.55304     123.60000
     -42.27304      -0.51010
     -41.99204      -0.00014
     -41.71104       0.00000
     -41.43104       0.00000
     -41.15004       0.00000
     -40.86904       0.00000
     -40.58904       0.00000
     -40.30804       0.00000
     -40.02804       0.00000
     -39.74704       0.00000
     -39.46604       0.00000
     -39.18604      -0.00000
     -38.90504      -0.00000
     -38.62404      -0.00000
     -38.34404      -0.57690
     -38.06304      39.45000
     -37.78204      86.63000
     -37.50204     111.20000
     -37.22104     112.00000
     -36.94004      36.35000
     -36.66004      -0.21610
     -36.37904      -0.00000
     -36.09804       0.00000
     -35.81804       0.00000
     -35.53704       0.00000
     -35.25604       0.00000
     -34.97604       0.00000
     -34.69504       0.00000
     -34.41404       0.00000
     -34.13404       0.00000
     -33.85304       0.00000
     -33.57304      -0.00000
     -33.29204      -0.00000
     -33.01104      -0.00280
     -32.73104       5.65000
     -32.45004      90.96000
     -32.16904     118.60000
     -31.88904      -1.46000
     -31.60804      -0.00002
     -31.32704       0.00000
     -31.04704       0.00000
     -30.76604       0.00000
     -30.48504       0.00000
     -30.20504       0.00000
     -29.92404       0.00000
     -29.64304       0.00000
     -29.36304       0.00000
     -29.08204       0.00000
     -28.80104       0.00000
     -28.52104       0.00000
     -28.24004       0.00000
     -27.95904       0.00000
     -27.67904       0.00000
     -27.39804       0.00000
     -27.11804       0.00000
     -26.83704       0.00000
     -26.55604       0.00000
     -26.27604       0.00000
     -25.99504       0.00000
     -25.71404       0.00000
     -25.43404       0.00000
     -25.15304       0.00000
     -24.87204       0.00000
     -24.59204       0.00000
     -24.31104       0.00000
     -24.03004       0.00000
     -23.75004       0.00000
     -23.46904       0.00000
     -23.18804       0.00000
     -22.90804       0.00000
     -22.62704       0.00000
     -22.34604       0.00000
     -22.06604       0.00000
     -21.78504       0.00000
     -21.50404       0.00000
     -21.22404       0.00000
     -20.94304       0.00000
     -20.66204       0.00000
     -20.38204       0.00000
     -20.10104       0.00000
     -19.82104       0.00000
     -19.54004       0.00000
     -19.25904       0.00000
     -18.97904       0.00000
     -18.69804       0.00000
     -18.41704       0.00000
     -18.13704       0.00000
     -17.85604       0.00000
     -17.57504       0.00000
     -17.29504       0.00000
     -17.01404       0.00000
     -16.73304       0.00000
     -16.45304       0.00000
     -16.17204       0.00000
     -15.89104       0.00000
     -15.61104       0.00000
     -15.33004       0.00000
     -15.04904       0.00000
     -14.76904       0.00000
     -14.48804       0.00000
     -14.20704       0.00000
     -13.92704       0.00000
     -13.64604       0.00000
     -13.36604       0.00000
     -13.08504       0.00000
     -12.80404       0.00000
     -12.52404       0.00000
     -12.24304       0.00000
     -11.96204       0.00000
     -11.68204       0.00000
     -11.40104       0.00000
     -11.12004       0.00000
     -10.84004       0.00000
     -10.55904       0.00000
     -10.27804       0.00000
      -9.99804       0.00000
      -9.71704       0.00000
      -9.43604       0.00000
      -9.15604       0.00000
      -8.87504      -0.00000
      -8.59404      -0.00000
      -8.31404      -0.00000
      -8.03304      -0.00748
      -7.75204       0.61680
      -7.47204       1.50700
      -7.19104       1.97000
      -6.91104       2.74700
      -6.63004       3.12000
      -6.34904       3.55100
      -6.06904       3.53200
      -5.78804       5.30900
      -5.50704       4.69200
      -5.22704       5.84200
      -4.94604       7.82800
      -4.66504      11.21000
      -4.38504      17.77000
      -4.10404      25.09000
      -3.82304      29.06000
      -3.54304      33.87000
      -3.26204      33.42000
      -2.98104      34.33000
      -2.70104      31.85000
      -2.42004      24.43000
      -2.13904      40.16000
      -1.85904      51.27000
      -1.57804      48.30000
      -1.29704      48.71000
      -1.01704      52.77000
      -0.73604      55.38000
      -0.45504      52.65000
      -0.17504      44.50000
       0.10596      35.25000
       0.38596      24.28000
       0.66696      19.72000
       0.94796      25.10000
       1.22796      41.54000
       1.50896      47.75000
       1.78996      43.48000
       2.06996      39.71000
       2.35096      39.58000
       2.63196      41.32000
       2.91196      44.20000
       3.19296       5.77400
       3.47396      -0.00943
       3.75396      -0.00000
       4.03496       0.00000
       4.31596       0.00000
       4.59596       0.00000
       4.87696       0.00000
       5.15796       0.00000
       5.43796       0.00000
       5.71896       0.00000
       5.99996       0.00000
       6.27996       0.00000
       6.56096       0.00000
       6.84096       0.00000
