      #Energy        TDOS
     -77.28385       0.00000
     -77.00385       0.00000
     -76.72385       0.00000
     -76.44385       0.00000
     -76.16485       0.00000
     -75.88485       0.00000
     -75.60485       0.00000
     -75.32485       0.00000
     -75.04485       0.00000
     -74.76585       0.00000
     -74.48585      -0.00000
     -74.20585      -0.00000
     -73.92585      -0.00000
     -73.64585      -0.10860
     -73.36585       7.59000
     -73.08685      20.59000
     -72.80685       0.52370
     -72.52685      -0.00009
     -72.24685       0.00000
     -71.96685       0.00000
     -71.68785       0.00000
     -71.40785       0.00000
     -71.12785       0.00000
     -70.84785       0.00000
     -70.56785       0.00000
     -70.28885       0.00000
     -70.00885       0.00000
     -69.72885       0.00000
     -69.44885       0.00000
     -69.16885       0.00000
     -68.88985       0.00000
     -68.60985       0.00000
     -68.32985       0.00000
     -68.04985       0.00000
     -67.76985       0.00000
     -67.48985       0.00000
     -67.21085       0.00000
     -66.93085       0.00000
     -66.65085       0.00000
     -66.37085       0.00000
     -66.09085       0.00000
     -65.81185       0.00000
     -65.53185       0.00000
     -65.25185       0.00000
     -64.97185       0.00000
     -64.69185       0.00000
     -64.41285       0.00000
     -64.13285       0.00000
     -63.85285       0.00000
     -63.57285       0.00000
     -63.29285       0.00000
     -63.01285       0.00000
     -62.73385       0.00000
     -62.45385       0.00000
     -62.17385       0.00000
     -61.89385       0.00000
     -61.61385       0.00000
     -61.33485       0.00000
     -61.05485       0.00000
     -60.77485       0.00000
     -60.49485       0.00000
     -60.21485       0.00000
     -59.93585       0.00000
     -59.65585       0.00000
     -59.37585       0.00000
     -59.09585       0.00000
     -58.81585       0.00000
     -58.53585       0.00000
     -58.25685       0.00000
     -57.97685       0.00000
     -57.69685      -0.00000
     -57.41685      -0.00000
     -57.13685      -0.00000
     -56.85785      -0.06072
     -56.57785      25.18000
     -56.29785      72.63000
     -56.01785       2.31600
     -55.73785      -0.00111
     -55.45885       0.00000
     -55.17885       0.00000
     -54.89885       0.00000
     -54.61885       0.00000
     -54.33885       0.00000
     -54.05985       0.00000
     -53.77985       0.00000
     -53.49985       0.00000
     -53.21985       0.00000
     -52.93985       0.00000
     -52.65985       0.00000
     -52.38085       0.00000
     -52.10085       0.00000
     -51.82085       0.00000
     -51.54085       0.00000
     -51.26085       0.00000
     -50.98185       0.00000
     -50.70185       0.00000
     -50.42185       0.00000
     -50.14185       0.00000
     -49.86185       0.00000
     -49.58285       0.00000
     -49.30285      -0.00000
     -49.02285      -0.00000
     -48.74285      -0.00000
     -48.46285      -0.03209
     -48.18285      12.39000
     -47.90385      38.33000
     -47.62385      -0.65140
     -47.34385      -0.00000
     -47.06385       0.00000
     -46.78385       0.00000
     -46.50485       0.00000
     -46.22485       0.00000
     -45.94485       0.00000
     -45.66485       0.00000
     -45.38485       0.00000
     -45.10585       0.00000
     -44.82585       0.00000
     -44.54585       0.00000
     -44.26585       0.00000
     -43.98585       0.00000
     -43.70585       0.00000
     -43.42685       0.00000
     -43.14685       0.00000
     -42.86685       0.00000
     -42.58685       0.00000
     -42.30685       0.00000
     -42.02785       0.00000
     -41.74785       0.00000
     -41.46785       0.00000
     -41.18785       0.00000
     -40.90785       0.00000
     -40.62885       0.00000
     -40.34885       0.00000
     -40.06885       0.00000
     -39.78885       0.00000
     -39.50885       0.00000
     -39.22985       0.00000
     -38.94985       0.00000
     -38.66985      -0.00000
     -38.38985      -0.00000
     -38.10985      -0.00346
     -37.82985       3.96100
     -37.55085      29.40000
     -37.27085      51.15000
     -36.99085       1.26300
     -36.71085      -0.00059
     -36.43085       0.00000
     -36.15185       0.00000
     -35.87185       0.00000
     -35.59185       0.00000
     -35.31185      -0.00000
     -35.03185      -0.00000
     -34.75285      -0.00000
     -34.47285      -0.01902
     -34.19285      13.92000
     -33.91285      87.11000
     -33.63285     103.10000
     -33.35285      31.90000
     -33.07385       4.66300
     -32.79385     113.90000
     -32.51385     173.50000
     -32.23385       8.07200
     -31.95385      -0.01083
     -31.67485       0.00000
     -31.39485       0.00000
     -31.11485       0.00000
     -30.83485       0.00000
     -30.55485       0.00000
     -30.27585       0.00000
     -29.99585       0.00000
     -29.71585       0.00000
     -29.43585       0.00000
     -29.15585       0.00000
     -28.87585       0.00000
     -28.59685       0.00000
     -28.31685       0.00000
     -28.03685       0.00000
     -27.75685       0.00000
     -27.47685      -0.00000
     -27.19785      -0.00000
     -26.91785      -0.00719
     -26.63785       4.79200
     -26.35785      27.69000
     -26.07785      88.40000
     -25.79885      28.22000
     -25.51885       1.00400
     -25.23885      -0.00016
     -24.95885       0.00000
     -24.67885       0.00000
     -24.39985       0.00000
     -24.11985       0.00000
     -23.83985       0.00000
     -23.55985       0.00000
     -23.27985       0.00000
     -22.99985       0.00000
     -22.72085       0.00000
     -22.44085       0.00000
     -22.16085       0.00000
     -21.88085       0.00000
     -21.60085       0.00000
     -21.32185       0.00000
     -21.04185       0.00000
     -20.76185       0.00000
     -20.48185       0.00000
     -20.20185       0.00000
     -19.92285       0.00000
     -19.64285       0.00000
     -19.36285       0.00000
     -19.08285       0.00000
     -18.80285       0.00000
     -18.52285       0.00000
     -18.24385       0.00000
     -17.96385       0.00000
     -17.68385       0.00000
     -17.40385       0.00000
     -17.12385       0.00000
     -16.84485       0.00000
     -16.56485       0.00000
     -16.28485       0.00000
     -16.00485       0.00000
     -15.72485       0.00000
     -15.44585       0.00000
     -15.16585       0.00000
     -14.88585       0.00000
     -14.60585       0.00000
     -14.32585       0.00000
     -14.04585       0.00000
     -13.76685       0.00000
     -13.48685       0.00000
     -13.20685       0.00000
     -12.92685       0.00000
     -12.64685       0.00000
     -12.36785       0.00000
     -12.08785       0.00000
     -11.80785       0.00000
     -11.52785       0.00000
     -11.24785       0.00000
     -10.96885       0.00000
     -10.68885       0.00000
     -10.40885       0.00000
     -10.12885       0.00000
      -9.84885       0.00000
      -9.56985       0.00000
      -9.28985       0.00000
      -9.00985       0.00000
      -8.72985       0.00000
      -8.44985       0.00000
      -8.16985       0.00000
      -7.89085      -0.00000
      -7.61085      -0.00000
      -7.33085      -0.00000
      -7.05085      -0.00525
      -6.77085       1.03900
      -6.49185       2.40700
      -6.21185       1.65200
      -5.93185       2.70600
      -5.65185       3.14300
      -5.37185       3.90000
      -5.09285       4.50700
      -4.81285       5.53700
      -4.53285       5.89200
      -4.25285       7.87500
      -3.97285      10.99000
      -3.69285      15.32000
      -3.41385      19.18000
      -3.13385      25.31000
      -2.85385      28.72000
      -2.57385      32.74000
      -2.29385      36.54000
      -2.01485      35.68000
      -1.73485      29.76000
      -1.45485      38.30000
      -1.17485      49.09000
      -0.89485      50.73000
      -0.61585      52.99000
      -0.33585      55.55000
      -0.05585      52.55000
       0.22415      51.64000
       0.50415      48.16000
       0.78415      42.99000
       1.06315      28.53000
       1.34315      23.59000
       1.62315      33.70000
       1.90315      38.99000
       2.18315      39.88000
       2.46215      41.60000
       2.74215      46.83000
       3.02215      11.24000
       3.30215      -0.02568
       3.58215      -0.00000
       3.86115       0.00000
       4.14115       0.00000
       4.42115       0.00000
       4.70115       0.00000
       4.98115       0.00000
       5.26015       0.00000
       5.54015       0.00000
       5.82015       0.00000
       6.10015       0.00000
       6.38015       0.00000
       6.66015       0.00000
