      #Energy        TDOS
     -63.84356       0.00000
     -63.60856       0.00000
     -63.37356       0.00000
     -63.13856       0.00000
     -62.90356       0.00000
     -62.66856       0.00000
     -62.43356       0.00000
     -62.19856       0.00000
     -61.96356       0.00000
     -61.72856       0.00000
     -61.49356      -0.00000
     -61.25856      -0.00000
     -61.02356      -0.00000
     -60.78856      -0.23720
     -60.55356       8.79100
     -60.31856      47.57000
     -60.08356      71.02000
     -59.84856       0.50770
     -59.61356      -0.00259
     -59.37856      -0.00000
     -59.14356       0.00000
     -58.90856       0.00000
     -58.67356       0.00000
     -58.43856       0.00000
     -58.20356       0.00000
     -57.96856       0.00000
     -57.73356       0.00000
     -57.49856       0.00000
     -57.26356      -0.00000
     -57.02856      -0.00000
     -56.79356      -0.00000
     -56.55856      -0.35200
     -56.32356      20.69000
     -56.08856      13.88000
     -55.85356      -0.18320
     -55.61856      -0.00000
     -55.38356       0.00000
     -55.14856      -0.00000
     -54.91256      -0.00000
     -54.67756      -0.00000
     -54.44256      -0.04259
     -54.20756       9.42700
     -53.97256      16.29000
     -53.73756      -0.14820
     -53.50256      -0.00000
     -53.26756       0.00000
     -53.03256       0.00000
     -52.79756       0.00000
     -52.56256       0.00000
     -52.32756       0.00000
     -52.09256       0.00000
     -51.85756       0.00000
     -51.62256       0.00000
     -51.38756       0.00000
     -51.15256       0.00000
     -50.91756       0.00000
     -50.68256       0.00000
     -50.44756       0.00000
     -50.21256       0.00000
     -49.97756       0.00000
     -49.74256       0.00000
     -49.50756       0.00000
     -49.27256       0.00000
     -49.03756       0.00000
     -48.80256      -0.00000
     -48.56756      -0.00000
     -48.33256      -0.00000
     -48.09756      -0.12890
     -47.86256      10.08000
     -47.62756      15.90000
     -47.39256      -0.31920
     -47.15756      -0.00001
     -46.92256       0.00000
     -46.68756       0.00000
     -46.45256       0.00000
     -46.21756       0.00000
     -45.98256       0.00000
     -45.74756       0.00000
     -45.51256       0.00000
     -45.27756       0.00000
     -45.04256       0.00000
     -44.80756       0.00000
     -44.57256       0.00000
     -44.33756       0.00000
     -44.10256       0.00000
     -43.86756       0.00000
     -43.63256       0.00000
     -43.39756       0.00000
     -43.16256       0.00000
     -42.92756       0.00000
     -42.69256       0.00000
     -42.45756       0.00000
     -42.22256       0.00000
     -41.98756       0.00000
     -41.75256       0.00000
     -41.51756       0.00000
     -41.28256       0.00000
     -41.04756       0.00000
     -40.81156       0.00000
     -40.57656       0.00000
     -40.34156       0.00000
     -40.10656       0.00000
     -39.87156       0.00000
     -39.63656       0.00000
     -39.40156       0.00000
     -39.16656       0.00000
     -38.93156       0.00000
     -38.69656       0.00000
     -38.46156       0.00000
     -38.22656       0.00000
     -37.99156       0.00000
     -37.75656       0.00000
     -37.52156       0.00000
     -37.28656       0.00000
     -37.05156       0.00000
     -36.81656       0.00000
     -36.58156       0.00000
     -36.34656       0.00000
     -36.11156       0.00000
     -35.87656      -0.00000
     -35.64156      -0.00000
     -35.40656      -0.00000
     -35.17156      -0.22000
     -34.93656      17.38000
     -34.70156      73.07000
     -34.46656     106.70000
     -34.23156     151.00000
     -33.99656      40.48000
     -33.76156      90.03000
     -33.52656     145.70000
     -33.29156      40.19000
     -33.05656      -0.54710
     -32.82156       2.29100
     -32.58656      43.21000
     -32.35156      57.56000
     -32.11656      -0.93740
     -31.88156      -0.00005
     -31.64656       0.00000
     -31.41156       0.00000
     -31.17656      -0.00000
     -30.94156      -0.00000
     -30.70656      -0.00001
     -30.47156      -0.87460
     -30.23656      58.22000
     -30.00156      19.33000
     -29.76656      -0.07858
     -29.53156      -0.00000
     -29.29656       0.00000
     -29.06156       0.00000
     -28.82656       0.00000
     -28.59156       0.00000
     -28.35656       0.00000
     -28.12156       0.00000
     -27.88656       0.00000
     -27.65156       0.00000
     -27.41656       0.00000
     -27.18156      -0.00000
     -26.94656      -0.00000
     -26.71156      -0.00000
     -26.47556      -0.07757
     -26.24056       6.79100
     -26.00556      17.82000
     -25.77056      45.98000
     -25.53556       6.15700
     -25.30056      -0.08181
     -25.06556      -0.00000
     -24.83056       0.00000
     -24.59556       0.00000
     -24.36056       0.00000
     -24.12556       0.00000
     -23.89056       0.00000
     -23.65556       0.00000
     -23.42056       0.00000
     -23.18556       0.00000
     -22.95056       0.00000
     -22.71556       0.00000
     -22.48056       0.00000
     -22.24556       0.00000
     -22.01056       0.00000
     -21.77556       0.00000
     -21.54056       0.00000
     -21.30556       0.00000
     -21.07056       0.00000
     -20.83556       0.00000
     -20.60056       0.00000
     -20.36556       0.00000
     -20.13056       0.00000
     -19.89556       0.00000
     -19.66056       0.00000
     -19.42556       0.00000
     -19.19056       0.00000
     -18.95556       0.00000
     -18.72056       0.00000
     -18.48556       0.00000
     -18.25056       0.00000
     -18.01556       0.00000
     -17.78056       0.00000
     -17.54556       0.00000
     -17.31056       0.00000
     -17.07556       0.00000
     -16.84056       0.00000
     -16.60556       0.00000
     -16.37056       0.00000
     -16.13556       0.00000
     -15.90056       0.00000
     -15.66556       0.00000
     -15.43056       0.00000
     -15.19556       0.00000
     -14.96056       0.00000
     -14.72556       0.00000
     -14.49056       0.00000
     -14.25556       0.00000
     -14.02056       0.00000
     -13.78556       0.00000
     -13.55056       0.00000
     -13.31556       0.00000
     -13.08056       0.00000
     -12.84556       0.00000
     -12.61056       0.00000
     -12.37456       0.00000
     -12.13956       0.00000
     -11.90456       0.00000
     -11.66956       0.00000
     -11.43456       0.00000
     -11.19956       0.00000
     -10.96456       0.00000
     -10.72956       0.00000
     -10.49456       0.00000
     -10.25956       0.00000
     -10.02456       0.00000
      -9.78956       0.00000
      -9.55456       0.00000
      -9.31956       0.00000
      -9.08456       0.00000
      -8.84956       0.00000
      -8.61456       0.00000
      -8.37956       0.00000
      -8.14456       0.00000
      -7.90956       0.00000
      -7.67456      -0.00000
      -7.43956      -0.00000
      -7.20456      -0.00000
      -6.96956      -0.00904
      -6.73456       0.47700
      -6.49956       1.33200
      -6.26456       1.98700
      -6.02956       2.34100
      -5.79456       2.94300
      -5.55956       3.72500
      -5.32456       3.91900
      -5.08956       3.97700
      -4.85456       6.43900
      -4.61956       6.06900
      -4.38456       7.97400
      -4.14956      14.19000
      -3.91456      22.35000
      -3.67956      29.76000
      -3.44456      33.67000
      -3.20956      36.55000
      -2.97456      39.84000
      -2.73956      45.19000
      -2.50456      40.25000
      -2.26956      24.90000
      -2.03456      35.25000
      -1.79956      56.11000
      -1.56456      57.11000
      -1.32956      49.57000
      -1.09456      45.03000
      -0.85956      46.96000
      -0.62456      53.01000
      -0.38956      53.50000
      -0.15456      48.17000
       0.08044      41.07000
       0.31544      31.39000
       0.55044      22.56000
       0.78544      17.11000
       1.02044      18.58000
       1.25544      19.09000
       1.49044      27.76000
       1.72644      32.14000
       1.96144      38.55000
       2.19644      42.93000
       2.43144      47.51000
       2.66644      49.26000
       2.90144      50.99000
       3.13644      53.51000
       3.37144      48.90000
       3.60644       5.19200
       3.84144      -0.04733
       4.07644      -0.00000
       4.31144       0.00000
       4.54644       0.00000
       4.78144       0.00000
       5.01644       0.00000
       5.25144       0.00000
       5.48644       0.00000
       5.72144       0.00000
       5.95644       0.00000
       6.19144       0.00000
       6.42644       0.00000
       6.66144       0.00000
