      #Energy        TDOS
     -78.40236       0.00000
     -78.10136       0.00000
     -77.80136       0.00000
     -77.50036       0.00000
     -77.20036       0.00000
     -76.89936       0.00000
     -76.59836       0.00000
     -76.29836       0.00000
     -75.99736       0.00000
     -75.69636       0.00000
     -75.39636      -0.00000
     -75.09536      -0.00000
     -74.79436      -0.00000
     -74.49436      -0.21870
     -74.19336      94.37000
     -73.89236     241.10000
     -73.59236      -2.67700
     -73.29136      -0.00000
     -72.99036       0.00000
     -72.69036       0.00000
     -72.38936       0.00000
     -72.08836       0.00000
     -71.78836       0.00000
     -71.48736       0.00000
     -71.18736       0.00000
     -70.88636       0.00000
     -70.58536       0.00000
     -70.28536       0.00000
     -69.98436       0.00000
     -69.68336       0.00000
     -69.38336       0.00000
     -69.08236       0.00000
     -68.78136       0.00000
     -68.48136       0.00000
     -68.18036       0.00000
     -67.87936       0.00000
     -67.57936       0.00000
     -67.27836       0.00000
     -66.97736       0.00000
     -66.67736       0.00000
     -66.37636       0.00000
     -66.07536       0.00000
     -65.77536       0.00000
     -65.47436       0.00000
     -65.17336       0.00000
     -64.87336       0.00000
     -64.57236       0.00000
     -64.27236       0.00000
     -63.97136       0.00000
     -63.67036       0.00000
     -63.37036       0.00000
     -63.06936       0.00000
     -62.76836       0.00000
     -62.46836       0.00000
     -62.16736       0.00000
     -61.86636       0.00000
     -61.56636       0.00000
     -61.26536       0.00000
     -60.96436       0.00000
     -60.66436       0.00000
     -60.36336       0.00000
     -60.06236       0.00000
     -59.76236       0.00000
     -59.46136       0.00000
     -59.16036       0.00000
     -58.86036       0.00000
     -58.55936       0.00000
     -58.25836       0.00000
     -57.95836       0.00000
     -57.65736       0.00000
     -57.35736       0.00000
     -57.05636       0.00000
     -56.75536       0.00000
     -56.45536       0.00000
     -56.15436       0.00000
     -55.85336       0.00000
     -55.55336       0.00000
     -55.25236       0.00000
     -54.95136       0.00000
     -54.65136       0.00000
     -54.35036       0.00000
     -54.04936       0.00000
     -53.74936       0.00000
     -53.44836       0.00000
     -53.14736       0.00000
     -52.84736       0.00000
     -52.54636       0.00000
     -52.24536       0.00000
     -51.94536       0.00000
     -51.64436       0.00000
     -51.34436       0.00000
     -51.04336       0.00000
     -50.74236       0.00000
     -50.44236       0.00000
     -50.14136       0.00000
     -49.84036       0.00000
     -49.54036       0.00000
     -49.23936       0.00000
     -48.93836       0.00000
     -48.63836       0.00000
     -48.33736       0.00000
     -48.03636       0.00000
     -47.73636       0.00000
     -47.43536       0.00000
     -47.13436       0.00000
     -46.83436       0.00000
     -46.53336       0.00000
     -46.23236       0.00000
     -45.93236       0.00000
     -45.63136       0.00000
     -45.33036       0.00000
     -45.03036       0.00000
     -44.72936       0.00000
     -44.42936       0.00000
     -44.12836       0.00000
     -43.82736       0.00000
     -43.52736       0.00000
     -43.22636       0.00000
     -42.92536       0.00000
     -42.62536       0.00000
     -42.32436       0.00000
     -42.02336       0.00000
     -41.72336       0.00000
     -41.42236       0.00000
     -41.12136       0.00000
     -40.82136       0.00000
     -40.52036       0.00000
     -40.21936       0.00000
     -39.91936      -0.00000
     -39.61836      -0.00000
     -39.31736      -0.00148
     -39.01736       6.51400
     -38.71636     223.70000
     -38.41536     203.40000
     -38.11536     255.50000
     -37.81436     302.00000
     -37.51436       6.73700
     -37.21336      -0.00042
     -36.91236       0.00000
     -36.61236       0.00000
     -36.31136       0.00000
     -36.01036       0.00000
     -35.71036       0.00000
     -35.40936       0.00000
     -35.10836       0.00000
     -34.80836       0.00000
     -34.50736       0.00000
     -34.20636       0.00000
     -33.90636       0.00000
     -33.60536       0.00000
     -33.30436       0.00000
     -33.00436       0.00000
     -32.70336       0.00000
     -32.40236       0.00000
     -32.10236       0.00000
     -31.80136       0.00000
     -31.50136       0.00000
     -31.20036       0.00000
     -30.89936       0.00000
     -30.59936       0.00000
     -30.29836       0.00000
     -29.99736       0.00000
     -29.69736       0.00000
     -29.39636       0.00000
     -29.09536       0.00000
     -28.79536       0.00000
     -28.49436       0.00000
     -28.19336       0.00000
     -27.89336       0.00000
     -27.59236       0.00000
     -27.29136       0.00000
     -26.99136       0.00000
     -26.69036       0.00000
     -26.38936       0.00000
     -26.08936       0.00000
     -25.78836       0.00000
     -25.48736       0.00000
     -25.18736       0.00000
     -24.88636       0.00000
     -24.58636       0.00000
     -24.28536       0.00000
     -23.98436       0.00000
     -23.68436       0.00000
     -23.38336       0.00000
     -23.08236       0.00000
     -22.78236       0.00000
     -22.48136       0.00000
     -22.18036       0.00000
     -21.88036       0.00000
     -21.57936       0.00000
     -21.27836       0.00000
     -20.97836       0.00000
     -20.67736       0.00000
     -20.37636       0.00000
     -20.07636       0.00000
     -19.77536       0.00000
     -19.47436       0.00000
     -19.17436       0.00000
     -18.87336       0.00000
     -18.57236       0.00000
     -18.27236       0.00000
     -17.97136       0.00000
     -17.67136       0.00000
     -17.37036       0.00000
     -17.06936       0.00000
     -16.76936       0.00000
     -16.46836       0.00000
     -16.16736       0.00000
     -15.86736       0.00000
     -15.56636       0.00000
     -15.26536       0.00000
     -14.96536       0.00000
     -14.66436       0.00000
     -14.36336       0.00000
     -14.06336       0.00000
     -13.76236       0.00000
     -13.46136       0.00000
     -13.16136       0.00000
     -12.86036       0.00000
     -12.55936       0.00000
     -12.25936       0.00000
     -11.95836       0.00000
     -11.65836       0.00000
     -11.35736       0.00000
     -11.05636       0.00000
     -10.75636       0.00000
     -10.45536      -0.00000
     -10.15436      -0.00000
      -9.85436      -0.00038
      -9.55336       0.21640
      -9.25236       1.51800
      -8.95236       2.61900
      -8.65136       3.05100
      -8.35036       3.44100
      -8.05036       4.62300
      -7.74936       5.03200
      -7.44836       7.03800
      -7.14836       6.93800
      -6.84736       8.59300
      -6.54636      11.09000
      -6.24636      17.78000
      -5.94536      35.75000
      -5.64436      35.46000
      -5.34436      46.46000
      -5.04336      43.14000
      -4.74336      59.22000
      -4.44236      57.12000
      -4.14136      31.37000
      -3.84136      28.07000
      -3.54036      54.61000
      -3.23936      87.27000
      -2.93936      80.87000
      -2.63836      63.55000
      -2.33736      66.29000
      -2.03736      87.77000
      -1.73636      75.96000
      -1.43536      54.10000
      -1.13536      29.03000
      -0.83436      23.05000
      -0.53336      23.21000
      -0.23336      24.63000
       0.06764      32.97000
       0.36864      39.45000
       0.66864      39.64000
       0.96964      41.73000
       1.27064      47.30000
       1.57064      56.62000
       1.87164      57.83000
       2.17164      58.83000
       2.47264      63.64000
       2.77364      73.00000
       3.07364     111.30000
       3.37464      82.34000
       3.67564      43.24000
       3.97564      32.45000
       4.27664      26.60000
       4.57764      25.77000
       4.87764      22.89000
       5.17864      20.48000
       5.47964      17.13000
       5.77964      19.40000
       6.08064      15.62000
       6.38164      17.05000
       6.68164      15.33000
       6.98264      17.38000
       7.28364      13.15000
       7.58364       4.74400
       7.88464       0.82180
       8.18464      -0.00264
       8.48564      -0.00000
       8.78664       0.00000
       9.08664       0.00000
       9.38764       0.00000
       9.68864       0.00000
       9.98864       0.00000
      10.28964       0.00000
      10.59064       0.00000
      10.89064       0.00000
      11.19164       0.00000
      11.49264       0.00000
      11.79264       0.00000
