      #Energy        TDOS
     -67.26353       0.00000
     -67.01753       0.00000
     -66.77153       0.00000
     -66.52553       0.00000
     -66.28053       0.00000
     -66.03453       0.00000
     -65.78853       0.00000
     -65.54253       0.00000
     -65.29653       0.00000
     -65.05053       0.00000
     -64.80453      -0.00000
     -64.55853      -0.00000
     -64.31253      -0.00000
     -64.06653      -0.31330
     -63.82053      18.06000
     -63.57453      15.01000
     -63.32853      -0.22620
     -63.08353      -0.00000
     -62.83753       0.00000
     -62.59153       0.00000
     -62.34553       0.00000
     -62.09953       0.00000
     -61.85353       0.00000
     -61.60753       0.00000
     -61.36153       0.00000
     -61.11553       0.00000
     -60.86953       0.00000
     -60.62353       0.00000
     -60.37753       0.00000
     -60.13153       0.00000
     -59.88653       0.00000
     -59.64053       0.00000
     -59.39453       0.00000
     -59.14853       0.00000
     -58.90253       0.00000
     -58.65653       0.00000
     -58.41053       0.00000
     -58.16453       0.00000
     -57.91853       0.00000
     -57.67253       0.00000
     -57.42653      -0.00000
     -57.18053      -0.00000
     -56.93453      -0.00000
     -56.68953      -0.47030
     -56.44353      20.48000
     -56.19753       4.41000
     -55.95153      -0.01739
     -55.70553      -0.00000
     -55.45953       0.00000
     -55.21353      -0.00000
     -54.96753      -0.00000
     -54.72153      -0.00002
     -54.47553      -0.44360
     -54.22953      39.18000
     -53.98353      75.90000
     -53.73753       7.42700
     -53.49253      -0.07560
     -53.24653      -0.00000
     -53.00053       0.00000
     -52.75453       0.00000
     -52.50853       0.00000
     -52.26253       0.00000
     -52.01653       0.00000
     -51.77053       0.00000
     -51.52453       0.00000
     -51.27853       0.00000
     -51.03253       0.00000
     -50.78653       0.00000
     -50.54053       0.00000
     -50.29553       0.00000
     -50.04953       0.00000
     -49.80353       0.00000
     -49.55753       0.00000
     -49.31153       0.00000
     -49.06553       0.00000
     -48.81953       0.00000
     -48.57353       0.00000
     -48.32753       0.00000
     -48.08153       0.00000
     -47.83553       0.00000
     -47.58953       0.00000
     -47.34353       0.00000
     -47.09853       0.00000
     -46.85253       0.00000
     -46.60653       0.00000
     -46.36053       0.00000
     -46.11453       0.00000
     -45.86853       0.00000
     -45.62253       0.00000
     -45.37653       0.00000
     -45.13053       0.00000
     -44.88453       0.00000
     -44.63853       0.00000
     -44.39253       0.00000
     -44.14653       0.00000
     -43.90153       0.00000
     -43.65553       0.00000
     -43.40953       0.00000
     -43.16353       0.00000
     -42.91753       0.00000
     -42.67153       0.00000
     -42.42553       0.00000
     -42.17953       0.00000
     -41.93353       0.00000
     -41.68753       0.00000
     -41.44153       0.00000
     -41.19553       0.00000
     -40.94953       0.00000
     -40.70453       0.00000
     -40.45853       0.00000
     -40.21253       0.00000
     -39.96653       0.00000
     -39.72053       0.00000
     -39.47453       0.00000
     -39.22853       0.00000
     -38.98253       0.00000
     -38.73653      -0.00000
     -38.49053      -0.00000
     -38.24453      -0.00000
     -37.99853      -0.13720
     -37.75253      24.59000
     -37.50753      70.84000
     -37.26153       2.30400
     -37.01553      -0.00619
     -36.76953      -0.00000
     -36.52353       0.00000
     -36.27753       0.00000
     -36.03153       0.00000
     -35.78553       0.00000
     -35.53953       0.00000
     -35.29353       0.00000
     -35.04753      -0.00000
     -34.80153      -0.00000
     -34.55553      -0.00000
     -34.31053      -0.03824
     -34.06453       5.64900
     -33.81853      39.08000
     -33.57253      20.89000
     -33.32653       7.75100
     -33.08053      -0.16880
     -32.83453      14.03000
     -32.58853      60.10000
     -32.34253      -0.90860
     -32.09653      -0.00001
     -31.85053      -0.00000
     -31.60453      -0.00000
     -31.35853      -0.00000
     -31.11353      -0.02673
     -30.86753       6.10700
     -30.62153      73.28000
     -30.37553     117.80000
     -30.12953     133.10000
     -29.88353     163.80000
     -29.63753     132.40000
     -29.39153       8.01300
     -29.14553      -0.08805
     -28.89953      -0.00000
     -28.65353       0.00000
     -28.40753       0.00000
     -28.16153       0.00000
     -27.91653       0.00000
     -27.67053       0.00000
     -27.42453       0.00000
     -27.17853       0.00000
     -26.93253       0.00000
     -26.68653       0.00000
     -26.44053       0.00000
     -26.19453       0.00000
     -25.94853       0.00000
     -25.70253       0.00000
     -25.45653       0.00000
     -25.21053       0.00000
     -24.96453       0.00000
     -24.71953       0.00000
     -24.47353       0.00000
     -24.22753       0.00000
     -23.98153       0.00000
     -23.73553       0.00000
     -23.48953       0.00000
     -23.24353       0.00000
     -22.99753       0.00000
     -22.75153       0.00000
     -22.50553       0.00000
     -22.25953       0.00000
     -22.01353       0.00000
     -21.76753       0.00000
     -21.52253       0.00000
     -21.27653       0.00000
     -21.03053       0.00000
     -20.78453       0.00000
     -20.53853       0.00000
     -20.29253       0.00000
     -20.04653       0.00000
     -19.80053       0.00000
     -19.55453       0.00000
     -19.30853       0.00000
     -19.06253       0.00000
     -18.81653       0.00000
     -18.57053       0.00000
     -18.32553       0.00000
     -18.07953       0.00000
     -17.83353       0.00000
     -17.58753       0.00000
     -17.34153       0.00000
     -17.09553       0.00000
     -16.84953       0.00000
     -16.60353       0.00000
     -16.35753       0.00000
     -16.11153       0.00000
     -15.86553       0.00000
     -15.61953       0.00000
     -15.37353       0.00000
     -15.12853       0.00000
     -14.88253       0.00000
     -14.63653       0.00000
     -14.39053       0.00000
     -14.14453       0.00000
     -13.89853       0.00000
     -13.65253       0.00000
     -13.40653       0.00000
     -13.16053       0.00000
     -12.91453       0.00000
     -12.66853       0.00000
     -12.42253       0.00000
     -12.17653       0.00000
     -11.93153       0.00000
     -11.68553       0.00000
     -11.43953       0.00000
     -11.19353       0.00000
     -10.94753       0.00000
     -10.70153       0.00000
     -10.45553       0.00000
     -10.20953       0.00000
      -9.96353       0.00000
      -9.71753       0.00000
      -9.47153       0.00000
      -9.22553       0.00000
      -8.97953       0.00000
      -8.73453       0.00000
      -8.48853       0.00000
      -8.24253       0.00000
      -7.99653       0.00000
      -7.75053       0.00000
      -7.50453      -0.00000
      -7.25853      -0.00000
      -7.01253      -0.00000
      -6.76653      -0.00673
      -6.52053       0.39580
      -6.27453       1.44100
      -6.02853       2.20600
      -5.78253       2.51800
      -5.53753       2.98400
      -5.29153       3.47200
      -5.04553       4.55300
      -4.79953       4.45300
      -4.55353       5.27300
      -4.30753       6.57400
      -4.06153       7.87400
      -3.81553       9.65400
      -3.56953      15.49000
      -3.32353      23.02000
      -3.07753      27.94000
      -2.83153      31.70000
      -2.58553      37.45000
      -2.34053      41.61000
      -2.09453      38.66000
      -1.84853      33.52000
      -1.60253      22.15000
      -1.35653      36.64000
      -1.11053      59.51000
      -0.86453      61.39000
      -0.61853      56.25000
      -0.37253      56.10000
      -0.12653      55.29000
       0.11947      51.95000
       0.36547      48.45000
       0.61147      42.89000
       0.85647      33.37000
       1.10247      21.05000
       1.34847      18.95000
       1.59447      26.77000
       1.84047      35.66000
       2.08647      38.16000
       2.33247      43.82000
       2.57847      44.77000
       2.82447      43.09000
       3.07047      37.15000
       3.31647       4.38700
       3.56247      -0.02897
       3.80847      -0.00000
       4.05347       0.00000
       4.29947       0.00000
       4.54547       0.00000
       4.79147       0.00000
       5.03747       0.00000
       5.28347       0.00000
       5.52947       0.00000
       5.77547       0.00000
       6.02147       0.00000
       6.26747       0.00000
       6.51347       0.00000
