      #Energy        TDOS
     -77.88856       0.00000
     -77.60656       0.00000
     -77.32456       0.00000
     -77.04256       0.00000
     -76.76156       0.00000
     -76.47956       0.00000
     -76.19756       0.00000
     -75.91556       0.00000
     -75.63456       0.00000
     -75.35256       0.00000
     -75.07056      -0.00000
     -74.78856      -0.00000
     -74.50756      -0.00000
     -74.22556      -0.28530
     -73.94356      57.79000
     -73.66256      13.49000
     -73.38056      -0.00509
     -73.09856       0.00000
     -72.81656       0.00000
     -72.53556       0.00000
     -72.25356       0.00000
     -71.97156       0.00000
     -71.68956       0.00000
     -71.40856       0.00000
     -71.12656       0.00000
     -70.84456       0.00000
     -70.56256       0.00000
     -70.28156       0.00000
     -69.99956       0.00000
     -69.71756       0.00000
     -69.43556       0.00000
     -69.15456       0.00000
     -68.87256       0.00000
     -68.59056       0.00000
     -68.30956       0.00000
     -68.02756       0.00000
     -67.74556       0.00000
     -67.46356       0.00000
     -67.18256       0.00000
     -66.90056       0.00000
     -66.61856       0.00000
     -66.33656       0.00000
     -66.05556       0.00000
     -65.77356       0.00000
     -65.49156       0.00000
     -65.20956       0.00000
     -64.92856       0.00000
     -64.64656       0.00000
     -64.36456       0.00000
     -64.08256       0.00000
     -63.80156       0.00000
     -63.51956       0.00000
     -63.23756       0.00000
     -62.95656       0.00000
     -62.67456       0.00000
     -62.39256       0.00000
     -62.11056      -0.00000
     -61.82956      -0.00000
     -61.54756      -0.00000
     -61.26556      -0.52430
     -60.98356      65.06000
     -60.70256      63.49000
     -60.42056      -0.25160
     -60.13856      -0.00000
     -59.85656       0.00000
     -59.57556       0.00000
     -59.29356       0.00000
     -59.01156       0.00000
     -58.72956       0.00000
     -58.44856       0.00000
     -58.16656       0.00000
     -57.88456       0.00000
     -57.60256       0.00000
     -57.32156       0.00000
     -57.03956       0.00000
     -56.75756       0.00000
     -56.47656       0.00000
     -56.19456       0.00000
     -55.91256       0.00000
     -55.63056       0.00000
     -55.34956       0.00000
     -55.06756       0.00000
     -54.78556       0.00000
     -54.50356       0.00000
     -54.22256       0.00000
     -53.94056       0.00000
     -53.65856       0.00000
     -53.37656       0.00000
     -53.09556       0.00000
     -52.81356       0.00000
     -52.53156       0.00000
     -52.24956       0.00000
     -51.96856       0.00000
     -51.68656       0.00000
     -51.40456       0.00000
     -51.12356       0.00000
     -50.84156       0.00000
     -50.55956       0.00000
     -50.27756       0.00000
     -49.99656       0.00000
     -49.71456       0.00000
     -49.43256       0.00000
     -49.15056       0.00000
     -48.86956       0.00000
     -48.58756       0.00000
     -48.30556       0.00000
     -48.02356       0.00000
     -47.74256       0.00000
     -47.46056       0.00000
     -47.17856       0.00000
     -46.89656       0.00000
     -46.61556       0.00000
     -46.33356       0.00000
     -46.05156       0.00000
     -45.77056       0.00000
     -45.48856       0.00000
     -45.20656       0.00000
     -44.92456       0.00000
     -44.64356       0.00000
     -44.36156      -0.00000
     -44.07956      -0.00000
     -43.79756      -0.00000
     -43.51656      -0.95880
     -43.23456     106.90000
     -42.95256      64.74000
     -42.67056      -0.33150
     -42.38956      -0.00000
     -42.10756       0.00000
     -41.82556       0.00000
     -41.54356       0.00000
     -41.26256       0.00000
     -40.98056       0.00000
     -40.69856       0.00000
     -40.41756       0.00000
     -40.13556       0.00000
     -39.85356       0.00000
     -39.57156      -0.00000
     -39.29056      -0.00000
     -39.00856      -0.00055
     -38.72656       1.35400
     -38.44456      38.77000
     -38.16356     111.10000
     -37.88156      53.09000
     -37.59956       8.67800
     -37.31756      -0.00940
     -37.03656       0.00000
     -36.75456      -0.00000
     -36.47256      -0.00000
     -36.19056      -0.00000
     -35.90956      -0.07503
     -35.62756      12.32000
     -35.34556      82.59000
     -35.06456      95.71000
     -34.78256     126.50000
     -34.50056      67.05000
     -34.21856      -0.74190
     -33.93756      -0.00000
     -33.65556       0.00000
     -33.37356       0.00000
     -33.09156       0.00000
     -32.81056       0.00000
     -32.52856       0.00000
     -32.24656       0.00000
     -31.96456       0.00000
     -31.68356       0.00000
     -31.40156       0.00000
     -31.11956       0.00000
     -30.83756       0.00000
     -30.55656       0.00000
     -30.27456       0.00000
     -29.99256       0.00000
     -29.71156       0.00000
     -29.42956       0.00000
     -29.14756       0.00000
     -28.86556       0.00000
     -28.58456       0.00000
     -28.30256       0.00000
     -28.02056       0.00000
     -27.73856       0.00000
     -27.45756       0.00000
     -27.17556       0.00000
     -26.89356       0.00000
     -26.61156       0.00000
     -26.33056       0.00000
     -26.04856       0.00000
     -25.76656       0.00000
     -25.48456       0.00000
     -25.20356       0.00000
     -24.92156       0.00000
     -24.63956       0.00000
     -24.35856       0.00000
     -24.07656       0.00000
     -23.79456       0.00000
     -23.51256       0.00000
     -23.23156       0.00000
     -22.94956       0.00000
     -22.66756       0.00000
     -22.38556       0.00000
     -22.10456       0.00000
     -21.82256       0.00000
     -21.54056       0.00000
     -21.25856       0.00000
     -20.97756       0.00000
     -20.69556       0.00000
     -20.41356       0.00000
     -20.13156       0.00000
     -19.85056       0.00000
     -19.56856       0.00000
     -19.28656       0.00000
     -19.00556       0.00000
     -18.72356       0.00000
     -18.44156       0.00000
     -18.15956       0.00000
     -17.87856       0.00000
     -17.59656       0.00000
     -17.31456       0.00000
     -17.03256       0.00000
     -16.75156       0.00000
     -16.46956       0.00000
     -16.18756       0.00000
     -15.90556       0.00000
     -15.62456       0.00000
     -15.34256       0.00000
     -15.06056       0.00000
     -14.77856       0.00000
     -14.49756       0.00000
     -14.21556       0.00000
     -13.93356       0.00000
     -13.65256       0.00000
     -13.37056       0.00000
     -13.08856       0.00000
     -12.80656       0.00000
     -12.52556       0.00000
     -12.24356       0.00000
     -11.96156       0.00000
     -11.67956       0.00000
     -11.39856       0.00000
     -11.11656       0.00000
     -10.83456       0.00000
     -10.55256       0.00000
     -10.27156       0.00000
      -9.98956       0.00000
      -9.70756       0.00000
      -9.42556       0.00000
      -9.14456      -0.00000
      -8.86256      -0.00000
      -8.58056      -0.00000
      -8.29956      -0.00113
      -8.01756       0.23000
      -7.73556       1.43000
      -7.45356       2.08100
      -7.17256       1.56100
      -6.89056       2.86500
      -6.60856       3.20300
      -6.32656       4.25600
      -6.04556       5.29200
      -5.76356       5.63400
      -5.48156       9.33700
      -5.19956      18.45000
      -4.91856      25.12000
      -4.63656      32.30000
      -4.35456      37.02000
      -4.07256      40.28000
      -3.79156      41.15000
      -3.50956      33.58000
      -3.22756      30.42000
      -2.94656      50.88000
      -2.66456      54.42000
      -2.38256      49.87000
      -2.10056      46.19000
      -1.81956      49.39000
      -1.53756      61.83000
      -1.25556      56.89000
      -0.97356      35.44000
      -0.69256      20.71000
      -0.41056      18.82000
      -0.12856      18.97000
       0.15344      25.02000
       0.43444      38.19000
       0.71644      49.86000
       0.99844      53.27000
       1.28044      46.99000
       1.56144      45.46000
       1.84344      44.71000
       2.12544      48.99000
       2.40644      45.98000
       2.68844      45.65000
       2.97044       5.09600
       3.25244      -0.01053
       3.53344      -0.00000
       3.81544       0.00000
       4.09744       0.00000
       4.37944       0.00000
       4.66044       0.00000
       4.94244       0.00000
       5.22444       0.00000
       5.50644       0.00000
       5.78744       0.00000
       6.06944       0.00000
       6.35144       0.00000
       6.63344       0.00000
