      #Energy        TDOS
     -67.18353       0.00000
     -66.94053       0.00000
     -66.69753       0.00000
     -66.45353       0.00000
     -66.21053       0.00000
     -65.96753       0.00000
     -65.72453       0.00000
     -65.48153       0.00000
     -65.23853       0.00000
     -64.99553       0.00000
     -64.75253      -0.00000
     -64.50853      -0.00000
     -64.26553      -0.00000
     -64.02253      -0.57290
     -63.77953      43.80000
     -63.53653      27.20000
     -63.29353       3.61200
     -63.05053      -0.00987
     -62.80653      -0.00000
     -62.56353       0.00000
     -62.32053       0.00000
     -62.07753       0.00000
     -61.83453       0.00000
     -61.59153       0.00000
     -61.34853       0.00000
     -61.10553      -0.00000
     -60.86153      -0.00000
     -60.61853      -0.00013
     -60.37553      -0.76110
     -60.13253      48.35000
     -59.88953      26.70000
     -59.64653      -0.25600
     -59.40353      -0.00000
     -59.16053       0.00000
     -58.91653       0.00000
     -58.67353       0.00000
     -58.43053       0.00000
     -58.18753       0.00000
     -57.94453       0.00000
     -57.70153       0.00000
     -57.45853       0.00000
     -57.21453      -0.00000
     -56.97153      -0.00000
     -56.72853      -0.00053
     -56.48553      -0.58540
     -56.24253      62.63000
     -55.99953      12.07000
     -55.75653      -0.08178
     -55.51353      -0.00000
     -55.26953       0.00000
     -55.02653       0.00000
     -54.78353       0.00000
     -54.54053       0.00000
     -54.29753       0.00000
     -54.05453       0.00000
     -53.81153       0.00000
     -53.56753       0.00000
     -53.32453       0.00000
     -53.08153       0.00000
     -52.83853       0.00000
     -52.59553       0.00000
     -52.35253       0.00000
     -52.10953       0.00000
     -51.86653       0.00000
     -51.62253       0.00000
     -51.37953       0.00000
     -51.13653       0.00000
     -50.89353       0.00000
     -50.65053       0.00000
     -50.40753       0.00000
     -50.16453       0.00000
     -49.92153       0.00000
     -49.67753       0.00000
     -49.43453       0.00000
     -49.19153       0.00000
     -48.94853       0.00000
     -48.70553       0.00000
     -48.46253       0.00000
     -48.21953       0.00000
     -47.97553       0.00000
     -47.73253       0.00000
     -47.48953       0.00000
     -47.24653       0.00000
     -47.00353       0.00000
     -46.76053       0.00000
     -46.51753       0.00000
     -46.27453       0.00000
     -46.03053       0.00000
     -45.78753       0.00000
     -45.54453       0.00000
     -45.30153       0.00000
     -45.05853       0.00000
     -44.81553       0.00000
     -44.57253       0.00000
     -44.32853       0.00000
     -44.08553       0.00000
     -43.84253       0.00000
     -43.59953       0.00000
     -43.35653       0.00000
     -43.11353       0.00000
     -42.87053       0.00000
     -42.62753       0.00000
     -42.38353       0.00000
     -42.14053       0.00000
     -41.89753       0.00000
     -41.65453       0.00000
     -41.41153       0.00000
     -41.16853       0.00000
     -40.92553       0.00000
     -40.68153       0.00000
     -40.43853       0.00000
     -40.19553       0.00000
     -39.95253       0.00000
     -39.70953       0.00000
     -39.46653       0.00000
     -39.22353       0.00000
     -38.98053       0.00000
     -38.73653      -0.00000
     -38.49353      -0.00000
     -38.25053      -0.00000
     -38.00753      -0.26880
     -37.76453      31.00000
     -37.52153     156.00000
     -37.27853      34.73000
     -37.03553       0.61730
     -36.79153      -0.00126
     -36.54853      -0.00000
     -36.30553       0.00000
     -36.06253       0.00000
     -35.81953       0.00000
     -35.57653      -0.00000
     -35.33353      -0.00000
     -35.08953      -0.00008
     -34.84653      -0.68650
     -34.60353      33.81000
     -34.36053      79.36000
     -34.11753      94.61000
     -33.87453      46.26000
     -33.63153      80.40000
     -33.38853      94.87000
     -33.14453      15.85000
     -32.90153      -0.84450
     -32.65853      41.01000
     -32.41553     160.10000
     -32.17253      21.69000
     -31.92953      -0.08502
     -31.68653      -0.00000
     -31.44253       0.00000
     -31.19953       0.00000
     -30.95653       0.00000
     -30.71353       0.00000
     -30.47053       0.00000
     -30.22753       0.00000
     -29.98453       0.00000
     -29.74153       0.00000
     -29.49753       0.00000
     -29.25453       0.00000
     -29.01153       0.00000
     -28.76853       0.00000
     -28.52553       0.00000
     -28.28253       0.00000
     -28.03953       0.00000
     -27.79653       0.00000
     -27.55253       0.00000
     -27.30953       0.00000
     -27.06653       0.00000
     -26.82353       0.00000
     -26.58053       0.00000
     -26.33753       0.00000
     -26.09453       0.00000
     -25.85053       0.00000
     -25.60753       0.00000
     -25.36453       0.00000
     -25.12153       0.00000
     -24.87853       0.00000
     -24.63553       0.00000
     -24.39253       0.00000
     -24.14953       0.00000
     -23.90553       0.00000
     -23.66253       0.00000
     -23.41953       0.00000
     -23.17653       0.00000
     -22.93353       0.00000
     -22.69053       0.00000
     -22.44753       0.00000
     -22.20353       0.00000
     -21.96053       0.00000
     -21.71753       0.00000
     -21.47453       0.00000
     -21.23153       0.00000
     -20.98853       0.00000
     -20.74553       0.00000
     -20.50253       0.00000
     -20.25853       0.00000
     -20.01553       0.00000
     -19.77253       0.00000
     -19.52953       0.00000
     -19.28653       0.00000
     -19.04353       0.00000
     -18.80053       0.00000
     -18.55753       0.00000
     -18.31353       0.00000
     -18.07053       0.00000
     -17.82753       0.00000
     -17.58453       0.00000
     -17.34153       0.00000
     -17.09853       0.00000
     -16.85553       0.00000
     -16.61153       0.00000
     -16.36853       0.00000
     -16.12553       0.00000
     -15.88253       0.00000
     -15.63953       0.00000
     -15.39653       0.00000
     -15.15353       0.00000
     -14.91053       0.00000
     -14.66653       0.00000
     -14.42353       0.00000
     -14.18053       0.00000
     -13.93753       0.00000
     -13.69453       0.00000
     -13.45153       0.00000
     -13.20853       0.00000
     -12.96453       0.00000
     -12.72153       0.00000
     -12.47853       0.00000
     -12.23553       0.00000
     -11.99253       0.00000
     -11.74953       0.00000
     -11.50653       0.00000
     -11.26353       0.00000
     -11.01953       0.00000
     -10.77653       0.00000
     -10.53353       0.00000
     -10.29053       0.00000
     -10.04753       0.00000
      -9.80453       0.00000
      -9.56153       0.00000
      -9.31753       0.00000
      -9.07453       0.00000
      -8.83153       0.00000
      -8.58853       0.00000
      -8.34553       0.00000
      -8.10253       0.00000
      -7.85953      -0.00000
      -7.61653      -0.00000
      -7.37253      -0.00000
      -7.12953      -0.00054
      -6.88653       0.11290
      -6.64353       1.18900
      -6.40053       2.07700
      -6.15753       1.76800
      -5.91453       2.34500
      -5.67153       3.01200
      -5.42753       2.99200
      -5.18453       4.75500
      -4.94153       5.04600
      -4.69853       5.38600
      -4.45553       6.32900
      -4.21253       7.43200
      -3.96953      10.98000
      -3.72553      19.94000
      -3.48253      26.69000
      -3.23953      31.57000
      -2.99653      36.57000
      -2.75353      38.46000
      -2.51053      39.79000
      -2.26753      39.38000
      -2.02453      28.03000
      -1.78053      30.50000
      -1.53753      47.22000
      -1.29453      58.70000
      -1.05153      53.76000
      -0.80853      53.31000
      -0.56553      55.47000
      -0.32253      55.36000
      -0.07853      54.61000
       0.16447      50.29000
       0.40747      39.86000
       0.65047      27.75000
       0.89347      16.45000
       1.13647      20.89000
       1.37947      24.47000
       1.62247      39.26000
       1.86647      45.97000
       2.10947      52.79000
       2.35247      61.22000
       2.59547       8.84700
       2.83847      -0.05527
       3.08147      -0.00000
       3.32447       0.00000
       3.56747       0.00000
       3.81147       0.00000
       4.05447       0.00000
       4.29747       0.00000
       4.54047       0.00000
       4.78347       0.00000
       5.02647       0.00000
       5.26947       0.00000
       5.51347       0.00000
       5.75647       0.00000
