      #Energy        TDOS
     -67.24567       0.00000
     -67.00467       0.00000
     -66.76267       0.00000
     -66.52067       0.00000
     -66.27867       0.00000
     -66.03667       0.00000
     -65.79467       0.00000
     -65.55267       0.00000
     -65.31067       0.00000
     -65.06867       0.00000
     -64.82767      -0.00000
     -64.58567      -0.00000
     -64.34367      -0.00000
     -64.10167      -0.54010
     -63.85967      39.52000
     -63.61767      59.21000
     -63.37567       1.03500
     -63.13367      -0.00313
     -62.89167      -0.00000
     -62.65067       0.00000
     -62.40867       0.00000
     -62.16667       0.00000
     -61.92467       0.00000
     -61.68267       0.00000
     -61.44067       0.00000
     -61.19867      -0.00000
     -60.95667      -0.00000
     -60.71567      -0.00000
     -60.47367      -0.19000
     -60.23167       8.59200
     -59.98967       8.30100
     -59.74767      -0.16710
     -59.50567      -0.00000
     -59.26367       0.00000
     -59.02167       0.00000
     -58.77967       0.00000
     -58.53867       0.00000
     -58.29667       0.00000
     -58.05467       0.00000
     -57.81267       0.00000
     -57.57067       0.00000
     -57.32867      -0.00000
     -57.08667      -0.00000
     -56.84467      -0.00000
     -56.60267      -0.09631
     -56.36167       7.47300
     -56.11967       0.89270
     -55.87767      -0.00096
     -55.63567      -0.00000
     -55.39367       0.00000
     -55.15167       0.00000
     -54.90967       0.00000
     -54.66767       0.00000
     -54.42567       0.00000
     -54.18467       0.00000
     -53.94267       0.00000
     -53.70067       0.00000
     -53.45867       0.00000
     -53.21667       0.00000
     -52.97467       0.00000
     -52.73267       0.00000
     -52.49067       0.00000
     -52.24867       0.00000
     -52.00767       0.00000
     -51.76567       0.00000
     -51.52367       0.00000
     -51.28167       0.00000
     -51.03967       0.00000
     -50.79767       0.00000
     -50.55567       0.00000
     -50.31367       0.00000
     -50.07167       0.00000
     -49.83067       0.00000
     -49.58867       0.00000
     -49.34667      -0.00000
     -49.10467      -0.00000
     -48.86267      -0.00000
     -48.62067      -0.00279
     -48.37867       1.38600
     -48.13667      29.96000
     -47.89567      18.44000
     -47.65367      -0.17080
     -47.41167      -0.00012
     -47.16967       0.00000
     -46.92767       0.00000
     -46.68567       0.00000
     -46.44367       0.00000
     -46.20167       0.00000
     -45.95967       0.00000
     -45.71867       0.00000
     -45.47667       0.00000
     -45.23467       0.00000
     -44.99267       0.00000
     -44.75067       0.00000
     -44.50867       0.00000
     -44.26667       0.00000
     -44.02467       0.00000
     -43.78267       0.00000
     -43.54167       0.00000
     -43.29967       0.00000
     -43.05767       0.00000
     -42.81567       0.00000
     -42.57367       0.00000
     -42.33167       0.00000
     -42.08967       0.00000
     -41.84767       0.00000
     -41.60567       0.00000
     -41.36467       0.00000
     -41.12267       0.00000
     -40.88067       0.00000
     -40.63867       0.00000
     -40.39667       0.00000
     -40.15467       0.00000
     -39.91267       0.00000
     -39.67067       0.00000
     -39.42867       0.00000
     -39.18767       0.00000
     -38.94567      -0.00000
     -38.70367      -0.00000
     -38.46167      -0.00000
     -38.21967      -0.00115
     -37.97767      -1.04900
     -37.73567     120.50000
     -37.49367     146.90000
     -37.25167      31.76000
     -37.01067      -0.47360
     -36.76867      -0.00000
     -36.52667       0.00000
     -36.28467       0.00000
     -36.04267       0.00000
     -35.80067       0.00000
     -35.55867      -0.00000
     -35.31667      -0.00000
     -35.07467      -0.00000
     -34.83367      -0.01025
     -34.59167       3.45300
     -34.34967      21.05000
     -34.10767      24.83000
     -33.86567       0.28750
     -33.62367      -0.00057
     -33.38167      -0.00000
     -33.13967      -0.00000
     -32.89867      -0.18530
     -32.65667      17.01000
     -32.41467       8.01500
     -32.17267      -0.03754
     -31.93067      -0.00000
     -31.68867       0.00000
     -31.44667      -0.00000
     -31.20467      -0.00000
     -30.96267      -0.00001
     -30.72167      -0.57260
     -30.47967      32.27000
     -30.23767      78.53000
     -29.99567     136.30000
     -29.75367     100.40000
     -29.51167      25.59000
     -29.26967      -0.43830
     -29.02767      -0.00005
     -28.78567       0.00000
     -28.54467       0.00000
     -28.30267       0.00000
     -28.06067       0.00000
     -27.81867       0.00000
     -27.57667      -0.00000
     -27.33467      -0.00000
     -27.09267      -0.00000
     -26.85067      -0.24540
     -26.60867       8.59600
     -26.36767      43.44000
     -26.12567      64.21000
     -25.88367      28.73000
     -25.64167       4.10500
     -25.39967      -0.01215
     -25.15767      -0.00000
     -24.91567       0.00000
     -24.67367       0.00000
     -24.43167       0.00000
     -24.19067       0.00000
     -23.94867       0.00000
     -23.70667       0.00000
     -23.46467       0.00000
     -23.22267       0.00000
     -22.98067       0.00000
     -22.73867       0.00000
     -22.49667       0.00000
     -22.25467       0.00000
     -22.01367       0.00000
     -21.77167       0.00000
     -21.52967       0.00000
     -21.28767       0.00000
     -21.04567       0.00000
     -20.80367       0.00000
     -20.56167       0.00000
     -20.31967       0.00000
     -20.07867       0.00000
     -19.83667       0.00000
     -19.59467       0.00000
     -19.35267       0.00000
     -19.11067       0.00000
     -18.86867       0.00000
     -18.62667       0.00000
     -18.38467       0.00000
     -18.14267       0.00000
     -17.90167       0.00000
     -17.65967       0.00000
     -17.41767       0.00000
     -17.17567       0.00000
     -16.93367       0.00000
     -16.69167       0.00000
     -16.44967       0.00000
     -16.20767       0.00000
     -15.96567       0.00000
     -15.72467       0.00000
     -15.48267       0.00000
     -15.24067       0.00000
     -14.99867       0.00000
     -14.75667       0.00000
     -14.51467       0.00000
     -14.27267       0.00000
     -14.03067       0.00000
     -13.78867       0.00000
     -13.54767       0.00000
     -13.30567       0.00000
     -13.06367       0.00000
     -12.82167       0.00000
     -12.57967       0.00000
     -12.33767       0.00000
     -12.09567       0.00000
     -11.85367       0.00000
     -11.61167       0.00000
     -11.37067       0.00000
     -11.12867       0.00000
     -10.88667       0.00000
     -10.64467       0.00000
     -10.40267       0.00000
     -10.16067       0.00000
      -9.91867       0.00000
      -9.67667       0.00000
      -9.43467       0.00000
      -9.19367       0.00000
      -8.95167       0.00000
      -8.70967       0.00000
      -8.46767       0.00000
      -8.22567       0.00000
      -7.98367       0.00000
      -7.74167       0.00000
      -7.49967      -0.00000
      -7.25767      -0.00000
      -7.01667      -0.00000
      -6.77467      -0.00371
      -6.53267       0.27550
      -6.29067       1.43000
      -6.04867       2.14900
      -5.80667       2.30800
      -5.56467       2.96400
      -5.32267       3.82300
      -5.08167       4.29000
      -4.83967       4.66700
      -4.59767       5.08800
      -4.35567       6.40000
      -4.11367       6.96800
      -3.87167       8.22000
      -3.62967      10.66000
      -3.38767      12.44000
      -3.14567      23.41000
      -2.90467      27.27000
      -2.66267      32.18000
      -2.42067      34.93000
      -2.17867      38.35000
      -1.93667      38.69000
      -1.69467      34.32000
      -1.45267      31.51000
      -1.21067      45.47000
      -0.96867      52.75000
      -0.72767      56.53000
      -0.48567      58.26000
      -0.24367      61.04000
      -0.00167      54.76000
       0.24033      46.41000
       0.48233      46.99000
       0.72433      46.45000
       0.96633      40.68000
       1.20833      34.08000
       1.44933      36.80000
       1.69133      45.60000
       1.93333      48.93000
       2.17533       9.97100
       2.41733      -0.05935
       2.65933      -0.00000
       2.90133       0.00000
       3.14333       0.00000
       3.38533       0.00000
       3.62633       0.00000
       3.86833       0.00000
       4.11033       0.00000
       4.35233       0.00000
       4.59433       0.00000
       4.83633       0.00000
       5.07833       0.00000
       5.32033       0.00000
