      #Energy        TDOS
     -78.08991       0.00000
     -77.80391       0.00000
     -77.51691       0.00000
     -77.23091       0.00000
     -76.94491       0.00000
     -76.65891       0.00000
     -76.37291       0.00000
     -76.08591       0.00000
     -75.79991       0.00000
     -75.51391       0.00000
     -75.22791      -0.00000
     -74.94191      -0.00000
     -74.65591      -0.00000
     -74.36891      -0.11910
     -74.08291      33.85000
     -73.79691     114.20000
     -73.51091      -1.20100
     -73.22491      -0.00002
     -72.93791       0.00000
     -72.65191       0.00000
     -72.36591       0.00000
     -72.07991       0.00000
     -71.79391       0.00000
     -71.50791       0.00000
     -71.22091       0.00000
     -70.93491       0.00000
     -70.64891       0.00000
     -70.36291       0.00000
     -70.07691       0.00000
     -69.78991       0.00000
     -69.50391       0.00000
     -69.21791       0.00000
     -68.93191       0.00000
     -68.64591       0.00000
     -68.35991       0.00000
     -68.07291       0.00000
     -67.78691       0.00000
     -67.50091       0.00000
     -67.21491       0.00000
     -66.92891       0.00000
     -66.64191       0.00000
     -66.35591       0.00000
     -66.06991       0.00000
     -65.78391       0.00000
     -65.49791       0.00000
     -65.21191       0.00000
     -64.92491       0.00000
     -64.63891       0.00000
     -64.35291       0.00000
     -64.06691       0.00000
     -63.78091       0.00000
     -63.49391       0.00000
     -63.20791       0.00000
     -62.92191       0.00000
     -62.63591       0.00000
     -62.34991       0.00000
     -62.06391      -0.00000
     -61.77691      -0.00000
     -61.49091      -0.00000
     -61.20491      -0.68240
     -60.91891      70.83000
     -60.63291      77.42000
     -60.34591      -0.81260
     -60.05991      -0.00000
     -59.77391       0.00000
     -59.48791       0.00000
     -59.20191       0.00000
     -58.91591       0.00000
     -58.62891       0.00000
     -58.34291       0.00000
     -58.05691       0.00000
     -57.77091       0.00000
     -57.48491       0.00000
     -57.19791       0.00000
     -56.91191       0.00000
     -56.62591       0.00000
     -56.33991       0.00000
     -56.05391       0.00000
     -55.76791       0.00000
     -55.48091       0.00000
     -55.19491       0.00000
     -54.90891       0.00000
     -54.62291       0.00000
     -54.33691       0.00000
     -54.04991       0.00000
     -53.76391       0.00000
     -53.47791       0.00000
     -53.19191       0.00000
     -52.90591       0.00000
     -52.61991       0.00000
     -52.33291       0.00000
     -52.04691       0.00000
     -51.76091       0.00000
     -51.47491       0.00000
     -51.18891       0.00000
     -50.90191       0.00000
     -50.61591       0.00000
     -50.32991       0.00000
     -50.04391       0.00000
     -49.75791       0.00000
     -49.47191       0.00000
     -49.18491       0.00000
     -48.89891       0.00000
     -48.61291       0.00000
     -48.32691       0.00000
     -48.04091       0.00000
     -47.75391       0.00000
     -47.46791       0.00000
     -47.18191       0.00000
     -46.89591       0.00000
     -46.60991       0.00000
     -46.32391       0.00000
     -46.03691       0.00000
     -45.75091       0.00000
     -45.46491       0.00000
     -45.17891       0.00000
     -44.89291       0.00000
     -44.60591       0.00000
     -44.31991       0.00000
     -44.03391       0.00000
     -43.74791       0.00000
     -43.46191       0.00000
     -43.17591       0.00000
     -42.88891       0.00000
     -42.60291       0.00000
     -42.31691       0.00000
     -42.03091       0.00000
     -41.74491       0.00000
     -41.45791       0.00000
     -41.17191       0.00000
     -40.88591       0.00000
     -40.59991       0.00000
     -40.31391       0.00000
     -40.02791       0.00000
     -39.74091      -0.00000
     -39.45491      -0.00000
     -39.16891      -0.00000
     -38.88291      -0.14050
     -38.59691      36.93000
     -38.30991     155.20000
     -38.02391     144.80000
     -37.73791     103.60000
     -37.45191      -0.12160
     -37.16591      -0.00008
     -36.87991       0.00000
     -36.59291      -0.00000
     -36.30691      -0.00000
     -36.02091      -0.00000
     -35.73491      -0.16660
     -35.44891      30.05000
     -35.16191      99.70000
     -34.87591     157.50000
     -34.58991     135.40000
     -34.30391      17.85000
     -34.01791      -0.01797
     -33.73191       0.00000
     -33.44491       0.00000
     -33.15891       0.00000
     -32.87291       0.00000
     -32.58691       0.00000
     -32.30091       0.00000
     -32.01391       0.00000
     -31.72791       0.00000
     -31.44191       0.00000
     -31.15591       0.00000
     -30.86991       0.00000
     -30.58391       0.00000
     -30.29691       0.00000
     -30.01091       0.00000
     -29.72491       0.00000
     -29.43891       0.00000
     -29.15291       0.00000
     -28.86591       0.00000
     -28.57991       0.00000
     -28.29391       0.00000
     -28.00791       0.00000
     -27.72191       0.00000
     -27.43591       0.00000
     -27.14891       0.00000
     -26.86291       0.00000
     -26.57691       0.00000
     -26.29091       0.00000
     -26.00491       0.00000
     -25.71791       0.00000
     -25.43191       0.00000
     -25.14591       0.00000
     -24.85991       0.00000
     -24.57391       0.00000
     -24.28791       0.00000
     -24.00091       0.00000
     -23.71491       0.00000
     -23.42891       0.00000
     -23.14291       0.00000
     -22.85691       0.00000
     -22.56991       0.00000
     -22.28391       0.00000
     -21.99791       0.00000
     -21.71191       0.00000
     -21.42591       0.00000
     -21.13991       0.00000
     -20.85291       0.00000
     -20.56691       0.00000
     -20.28091       0.00000
     -19.99491       0.00000
     -19.70891       0.00000
     -19.42191       0.00000
     -19.13591       0.00000
     -18.84991       0.00000
     -18.56391       0.00000
     -18.27791       0.00000
     -17.99191       0.00000
     -17.70491       0.00000
     -17.41891       0.00000
     -17.13291       0.00000
     -16.84691       0.00000
     -16.56091       0.00000
     -16.27391       0.00000
     -15.98791       0.00000
     -15.70191       0.00000
     -15.41591       0.00000
     -15.12991       0.00000
     -14.84391       0.00000
     -14.55691       0.00000
     -14.27091       0.00000
     -13.98491       0.00000
     -13.69891       0.00000
     -13.41291       0.00000
     -13.12591       0.00000
     -12.83991       0.00000
     -12.55391       0.00000
     -12.26791       0.00000
     -11.98191       0.00000
     -11.69591       0.00000
     -11.40891       0.00000
     -11.12291       0.00000
     -10.83691       0.00000
     -10.55091       0.00000
     -10.26491       0.00000
      -9.97791       0.00000
      -9.69191       0.00000
      -9.40591       0.00000
      -9.11991      -0.00000
      -8.83391      -0.00000
      -8.54791      -0.00003
      -8.26091       0.08291
      -7.97491       1.55800
      -7.68891       3.02900
      -7.40291       3.10300
      -7.11691       4.13100
      -6.82991       4.13300
      -6.54391       6.35500
      -6.25791       7.88200
      -5.97191       9.44400
      -5.68591      16.95000
      -5.39991      34.79000
      -5.11291      49.09000
      -4.82691      63.03000
      -4.54091      80.30000
      -4.25491      82.04000
      -3.96891      73.33000
      -3.68191      68.94000
      -3.39591      71.10000
      -3.10991      74.76000
      -2.82391      71.23000
      -2.53791      73.44000
      -2.25191      71.68000
      -1.96491      72.16000
      -1.67891      68.85000
      -1.39291      54.24000
      -1.10691      48.57000
      -0.82091      50.34000
      -0.53391      50.02000
      -0.24791      46.00000
       0.03809      45.33000
       0.32409      44.23000
       0.61009      42.12000
       0.89609      40.88000
       1.18309      42.45000
       1.46909      49.94000
       1.75509      57.01000
       2.04109      61.91000
       2.32709      69.28000
       2.61409      66.58000
       2.90009      68.93000
       3.18609      58.20000
       3.47209      40.65000
       3.75809       8.26100
       4.04409       0.44340
       4.33109      -0.00203
       4.61709      -0.00000
       4.90309       0.00000
       5.18909       0.00000
       5.47509       0.00000
       5.76209       0.00000
       6.04809       0.00000
       6.33409       0.00000
       6.62009       0.00000
       6.90609       0.00000
       7.19209       0.00000
       7.47909       0.00000
       7.76509       0.00000
