      #Energy        TDOS
     -63.39247       0.00000
     -63.16347       0.00000
     -62.93447       0.00000
     -62.70547       0.00000
     -62.47647       0.00000
     -62.24747       0.00000
     -62.01847       0.00000
     -61.78947       0.00000
     -61.56047       0.00000
     -61.33147       0.00000
     -61.10247      -0.00000
     -60.87347      -0.00000
     -60.64447      -0.00001
     -60.41547      -0.28460
     -60.18647      13.56000
     -59.95847      21.01000
     -59.72947       0.65460
     -59.50047      -0.00194
     -59.27147      -0.00000
     -59.04247       0.00000
     -58.81347       0.00000
     -58.58447       0.00000
     -58.35547       0.00000
     -58.12647       0.00000
     -57.89747       0.00000
     -57.66847      -0.00000
     -57.43947      -0.00000
     -57.21047      -0.00000
     -56.98147      -0.28680
     -56.75247      22.86000
     -56.52347      61.40000
     -56.29447      12.40000
     -56.06547      -0.29560
     -55.83647      -0.00001
     -55.60747       0.00000
     -55.37847       0.00000
     -55.14947       0.00000
     -54.92047       0.00000
     -54.69147       0.00000
     -54.46247       0.00000
     -54.23347       0.00000
     -54.00447       0.00000
     -53.77547       0.00000
     -53.54647       0.00000
     -53.31747       0.00000
     -53.08947       0.00000
     -52.86047       0.00000
     -52.63147       0.00000
     -52.40247       0.00000
     -52.17347       0.00000
     -51.94447       0.00000
     -51.71547       0.00000
     -51.48647       0.00000
     -51.25747       0.00000
     -51.02847       0.00000
     -50.79947       0.00000
     -50.57047       0.00000
     -50.34147       0.00000
     -50.11247       0.00000
     -49.88347       0.00000
     -49.65447       0.00000
     -49.42547       0.00000
     -49.19647      -0.00000
     -48.96747      -0.00000
     -48.73847      -0.00003
     -48.50947      -0.83290
     -48.28047      41.08000
     -48.05147      21.15000
     -47.82247      -0.24610
     -47.59347      -0.00021
     -47.36447      -0.00000
     -47.13547       0.00000
     -46.90647       0.00000
     -46.67747       0.00000
     -46.44847       0.00000
     -46.22047       0.00000
     -45.99147       0.00000
     -45.76247       0.00000
     -45.53347       0.00000
     -45.30447       0.00000
     -45.07547       0.00000
     -44.84647       0.00000
     -44.61747       0.00000
     -44.38847       0.00000
     -44.15947       0.00000
     -43.93047       0.00000
     -43.70147       0.00000
     -43.47247       0.00000
     -43.24347       0.00000
     -43.01447       0.00000
     -42.78547       0.00000
     -42.55647       0.00000
     -42.32747       0.00000
     -42.09847       0.00000
     -41.86947       0.00000
     -41.64047       0.00000
     -41.41147       0.00000
     -41.18247       0.00000
     -40.95347       0.00000
     -40.72447       0.00000
     -40.49547       0.00000
     -40.26647       0.00000
     -40.03747       0.00000
     -39.80847       0.00000
     -39.57947       0.00000
     -39.35147       0.00000
     -39.12247       0.00000
     -38.89347       0.00000
     -38.66447       0.00000
     -38.43547       0.00000
     -38.20647       0.00000
     -37.97747       0.00000
     -37.74847       0.00000
     -37.51947       0.00000
     -37.29047       0.00000
     -37.06147       0.00000
     -36.83247       0.00000
     -36.60347       0.00000
     -36.37447       0.00000
     -36.14547       0.00000
     -35.91647       0.00000
     -35.68747      -0.00000
     -35.45847      -0.00000
     -35.22947      -0.00000
     -35.00047      -0.00199
     -34.77147       0.76130
     -34.54247      15.81000
     -34.31347      20.82000
     -34.08447      59.51000
     -33.85547       7.96900
     -33.62647      -0.05576
     -33.39747      -0.00571
     -33.16847      -0.05504
     -32.93947     138.80000
     -32.71047     125.60000
     -32.48247      24.30000
     -32.25347      -0.43060
     -32.02447      -0.00002
     -31.79547       0.00000
     -31.56647      -0.00000
     -31.33747      -0.00000
     -31.10847      -0.00000
     -30.87947      -0.00241
     -30.65047      -0.28030
     -30.42147      69.07000
     -30.19247     155.10000
     -29.96347     116.00000
     -29.73447      27.33000
     -29.50547      -0.35840
     -29.27647      -0.00000
     -29.04747       0.00000
     -28.81847       0.00000
     -28.58947       0.00000
     -28.36047       0.00000
     -28.13147       0.00000
     -27.90247       0.00000
     -27.67347       0.00000
     -27.44447      -0.00000
     -27.21547      -0.00000
     -26.98647      -0.00001
     -26.75747      -0.33170
     -26.52847      17.64000
     -26.29947     115.10000
     -26.07047      51.96000
     -25.84147      -0.95120
     -25.61347      -0.00001
     -25.38447       0.00000
     -25.15547       0.00000
     -24.92647       0.00000
     -24.69747       0.00000
     -24.46847       0.00000
     -24.23947       0.00000
     -24.01047       0.00000
     -23.78147       0.00000
     -23.55247       0.00000
     -23.32347       0.00000
     -23.09447       0.00000
     -22.86547       0.00000
     -22.63647       0.00000
     -22.40747       0.00000
     -22.17847       0.00000
     -21.94947       0.00000
     -21.72047       0.00000
     -21.49147       0.00000
     -21.26247       0.00000
     -21.03347       0.00000
     -20.80447       0.00000
     -20.57547       0.00000
     -20.34647       0.00000
     -20.11747       0.00000
     -19.88847       0.00000
     -19.65947       0.00000
     -19.43047       0.00000
     -19.20147       0.00000
     -18.97247       0.00000
     -18.74447       0.00000
     -18.51547       0.00000
     -18.28647       0.00000
     -18.05747       0.00000
     -17.82847       0.00000
     -17.59947       0.00000
     -17.37047       0.00000
     -17.14147       0.00000
     -16.91247       0.00000
     -16.68347       0.00000
     -16.45447       0.00000
     -16.22547       0.00000
     -15.99647       0.00000
     -15.76747       0.00000
     -15.53847       0.00000
     -15.30947       0.00000
     -15.08047       0.00000
     -14.85147       0.00000
     -14.62247       0.00000
     -14.39347       0.00000
     -14.16447       0.00000
     -13.93547       0.00000
     -13.70647       0.00000
     -13.47747       0.00000
     -13.24847       0.00000
     -13.01947       0.00000
     -12.79047       0.00000
     -12.56147       0.00000
     -12.33247       0.00000
     -12.10347       0.00000
     -11.87547       0.00000
     -11.64647       0.00000
     -11.41747       0.00000
     -11.18847       0.00000
     -10.95947       0.00000
     -10.73047       0.00000
     -10.50147       0.00000
     -10.27247       0.00000
     -10.04347       0.00000
      -9.81447       0.00000
      -9.58547       0.00000
      -9.35647       0.00000
      -9.12747       0.00000
      -8.89847       0.00000
      -8.66947       0.00000
      -8.44047       0.00000
      -8.21147       0.00000
      -7.98247       0.00000
      -7.75347       0.00000
      -7.52447       0.00000
      -7.29547      -0.00000
      -7.06647      -0.00000
      -6.83747      -0.00000
      -6.60847      -0.00488
      -6.37947       0.29000
      -6.15047       1.52700
      -5.92147       2.42900
      -5.69247       2.06000
      -5.46347       3.21200
      -5.23447       3.62000
      -5.00647       4.21300
      -4.77747       4.47700
      -4.54847       6.21500
      -4.31947       5.78400
      -4.09047       7.22000
      -3.86147       8.48600
      -3.63247      11.06000
      -3.40347      15.01000
      -3.17447      21.92000
      -2.94547      24.49000
      -2.71647      27.20000
      -2.48747      34.48000
      -2.25847      36.15000
      -2.02947      34.30000
      -1.80047      36.30000
      -1.57147      33.93000
      -1.34247      40.38000
      -1.11347      47.00000
      -0.88447      52.06000
      -0.65547      54.92000
      -0.42647      52.80000
      -0.19747      50.95000
       0.03153      47.44000
       0.26053      44.85000
       0.48953      49.62000
       0.71853      50.19000
       0.94753      46.79000
       1.17653      41.38000
       1.40553      37.62000
       1.63453      40.21000
       1.86253      43.26000
       2.09153      39.01000
       2.32053       2.84300
       2.54953      -0.02372
       2.77853      -0.00000
       3.00753       0.00000
       3.23653       0.00000
       3.46553       0.00000
       3.69453       0.00000
       3.92353       0.00000
       4.15253       0.00000
       4.38153       0.00000
       4.61053       0.00000
       4.83953       0.00000
       5.06853       0.00000
       5.29753       0.00000
