      #Energy        TDOS
     -63.57819       0.00000
     -63.34619       0.00000
     -63.11319       0.00000
     -62.88019       0.00000
     -62.64719       0.00000
     -62.41419       0.00000
     -62.18119       0.00000
     -61.94819       0.00000
     -61.71519       0.00000
     -61.48219       0.00000
     -61.24919      -0.00000
     -61.01619      -0.00000
     -60.78319      -0.00000
     -60.55019      -0.24630
     -60.31719       9.54800
     -60.08419      39.79000
     -59.85119      19.92000
     -59.61819      -0.33010
     -59.38519      -0.00000
     -59.15219       0.00000
     -58.91919       0.00000
     -58.68619       0.00000
     -58.45319       0.00000
     -58.22019       0.00000
     -57.98719       0.00000
     -57.75419       0.00000
     -57.52119      -0.00000
     -57.28819      -0.00000
     -57.05519      -0.00000
     -56.82219      -0.00018
     -56.58919      -1.16600
     -56.35619      67.88000
     -56.12319      19.24000
     -55.89019      -0.10290
     -55.65719      -0.00000
     -55.42419       0.00000
     -55.19119       0.00000
     -54.95819       0.00000
     -54.72519       0.00000
     -54.49219       0.00000
     -54.25919       0.00000
     -54.02619       0.00000
     -53.79319       0.00000
     -53.56019       0.00000
     -53.32719       0.00000
     -53.09419       0.00000
     -52.86119       0.00000
     -52.62919       0.00000
     -52.39619       0.00000
     -52.16319       0.00000
     -51.93019       0.00000
     -51.69719       0.00000
     -51.46419       0.00000
     -51.23119       0.00000
     -50.99819       0.00000
     -50.76519       0.00000
     -50.53219       0.00000
     -50.29919       0.00000
     -50.06619       0.00000
     -49.83319       0.00000
     -49.60019       0.00000
     -49.36719       0.00000
     -49.13419       0.00000
     -48.90119       0.00000
     -48.66819       0.00000
     -48.43519       0.00000
     -48.20219       0.00000
     -47.96919       0.00000
     -47.73619       0.00000
     -47.50319       0.00000
     -47.27019       0.00000
     -47.03719       0.00000
     -46.80419       0.00000
     -46.57119       0.00000
     -46.33819       0.00000
     -46.10519       0.00000
     -45.87219       0.00000
     -45.63919       0.00000
     -45.40619       0.00000
     -45.17319       0.00000
     -44.94019       0.00000
     -44.70719       0.00000
     -44.47419       0.00000
     -44.24119       0.00000
     -44.00819       0.00000
     -43.77519       0.00000
     -43.54219       0.00000
     -43.30919       0.00000
     -43.07619       0.00000
     -42.84319       0.00000
     -42.61019       0.00000
     -42.37719       0.00000
     -42.14419       0.00000
     -41.91119       0.00000
     -41.67919       0.00000
     -41.44619       0.00000
     -41.21319       0.00000
     -40.98019       0.00000
     -40.74719       0.00000
     -40.51419       0.00000
     -40.28119       0.00000
     -40.04819       0.00000
     -39.81519       0.00000
     -39.58219       0.00000
     -39.34919       0.00000
     -39.11619       0.00000
     -38.88319       0.00000
     -38.65019       0.00000
     -38.41719       0.00000
     -38.18419       0.00000
     -37.95119       0.00000
     -37.71819       0.00000
     -37.48519       0.00000
     -37.25219       0.00000
     -37.01919       0.00000
     -36.78619       0.00000
     -36.55319       0.00000
     -36.32019       0.00000
     -36.08719       0.00000
     -35.85419       0.00000
     -35.62119      -0.00000
     -35.38819      -0.00000
     -35.15519      -0.00002
     -34.92219      -0.35130
     -34.68919      16.40000
     -34.45619      74.77000
     -34.22319      93.41000
     -33.99019      76.87000
     -33.75719     117.10000
     -33.52419     144.10000
     -33.29119     127.20000
     -33.05819      20.32000
     -32.82519       5.54600
     -32.59219     149.30000
     -32.35919     103.90000
     -32.12619      -1.45800
     -31.89319      -0.00009
     -31.66019       0.00000
     -31.42719       0.00000
     -31.19419       0.00000
     -30.96219       0.00000
     -30.72919       0.00000
     -30.49619       0.00000
     -30.26319       0.00000
     -30.03019       0.00000
     -29.79719       0.00000
     -29.56419       0.00000
     -29.33119       0.00000
     -29.09819       0.00000
     -28.86519       0.00000
     -28.63219       0.00000
     -28.39919       0.00000
     -28.16619       0.00000
     -27.93319       0.00000
     -27.70019       0.00000
     -27.46719       0.00000
     -27.23419       0.00000
     -27.00119       0.00000
     -26.76819       0.00000
     -26.53519       0.00000
     -26.30219       0.00000
     -26.06919       0.00000
     -25.83619       0.00000
     -25.60319       0.00000
     -25.37019       0.00000
     -25.13719       0.00000
     -24.90419       0.00000
     -24.67119       0.00000
     -24.43819       0.00000
     -24.20519       0.00000
     -23.97219       0.00000
     -23.73919       0.00000
     -23.50619       0.00000
     -23.27319       0.00000
     -23.04019       0.00000
     -22.80719       0.00000
     -22.57419       0.00000
     -22.34119       0.00000
     -22.10819       0.00000
     -21.87519       0.00000
     -21.64219       0.00000
     -21.40919       0.00000
     -21.17619       0.00000
     -20.94319       0.00000
     -20.71019       0.00000
     -20.47719       0.00000
     -20.24419       0.00000
     -20.01219       0.00000
     -19.77919       0.00000
     -19.54619       0.00000
     -19.31319       0.00000
     -19.08019       0.00000
     -18.84719       0.00000
     -18.61419       0.00000
     -18.38119       0.00000
     -18.14819       0.00000
     -17.91519       0.00000
     -17.68219       0.00000
     -17.44919       0.00000
     -17.21619       0.00000
     -16.98319       0.00000
     -16.75019       0.00000
     -16.51719       0.00000
     -16.28419       0.00000
     -16.05119       0.00000
     -15.81819       0.00000
     -15.58519       0.00000
     -15.35219       0.00000
     -15.11919       0.00000
     -14.88619       0.00000
     -14.65319       0.00000
     -14.42019       0.00000
     -14.18719       0.00000
     -13.95419       0.00000
     -13.72119       0.00000
     -13.48819       0.00000
     -13.25519       0.00000
     -13.02219       0.00000
     -12.78919       0.00000
     -12.55619       0.00000
     -12.32319       0.00000
     -12.09019       0.00000
     -11.85719       0.00000
     -11.62419       0.00000
     -11.39119       0.00000
     -11.15819       0.00000
     -10.92519       0.00000
     -10.69219       0.00000
     -10.45919       0.00000
     -10.22619       0.00000
      -9.99319       0.00000
      -9.76019       0.00000
      -9.52719       0.00000
      -9.29519       0.00000
      -9.06219       0.00000
      -8.82919       0.00000
      -8.59619       0.00000
      -8.36319       0.00000
      -8.13019      -0.00000
      -7.89719      -0.00000
      -7.66419      -0.00000
      -7.43119      -0.00011
      -7.19819       0.03673
      -6.96519       0.87040
      -6.73219       1.54600
      -6.49919       2.10900
      -6.26619       2.52000
      -6.03319       2.70900
      -5.80019       3.72700
      -5.56719       4.17000
      -5.33419       4.21200
      -5.10119       5.54300
      -4.86819       5.84300
      -4.63519       5.66900
      -4.40219       7.37400
      -4.16919      10.97000
      -3.93619      17.22000
      -3.70319      21.35000
      -3.47019      27.30000
      -3.23719      31.13000
      -3.00419      35.18000
      -2.77119      40.25000
      -2.53819      39.84000
      -2.30519      35.53000
      -2.07219      22.31000
      -1.83919      22.27000
      -1.60619      47.77000
      -1.37319      57.39000
      -1.14019      54.35000
      -0.90719      50.50000
      -0.67419      50.94000
      -0.44119      53.98000
      -0.20819      54.67000
       0.02481      49.64000
       0.25781      43.22000
       0.49081      37.67000
       0.72381      26.64000
       0.95681      16.51000
       1.18981      15.06000
       1.42281      17.17000
       1.65481      25.11000
       1.88781      32.27000
       2.12081      38.41000
       2.35381      43.70000
       2.58681      53.56000
       2.81981      59.65000
       3.05281      52.82000
       3.28581       5.49900
       3.51881      -0.03744
       3.75181      -0.00000
       3.98481       0.00000
       4.21781       0.00000
       4.45081       0.00000
       4.68381       0.00000
       4.91681       0.00000
       5.14981       0.00000
       5.38281       0.00000
       5.61581       0.00000
       5.84881       0.00000
       6.08181       0.00000
       6.31481       0.00000
