      #Energy        TDOS
     -67.16440       0.00000
     -66.92140       0.00000
     -66.67740       0.00000
     -66.43440       0.00000
     -66.19040       0.00000
     -65.94640       0.00000
     -65.70340       0.00000
     -65.45940       0.00000
     -65.21640       0.00000
     -64.97240       0.00000
     -64.72940      -0.00000
     -64.48540      -0.00000
     -64.24240      -0.00000
     -63.99840      -0.65650
     -63.75440      51.11000
     -63.51140      48.76000
     -63.26740      -0.67600
     -63.02440      -0.00000
     -62.78040       0.00000
     -62.53740       0.00000
     -62.29340       0.00000
     -62.05040       0.00000
     -61.80640       0.00000
     -61.56240       0.00000
     -61.31940      -0.00000
     -61.07540      -0.00000
     -60.83240      -0.00000
     -60.58840      -0.41250
     -60.34540      37.40000
     -60.10140      62.65000
     -59.85740      -1.10100
     -59.61440      -0.00004
     -59.37040       0.00000
     -59.12740       0.00000
     -58.88340       0.00000
     -58.64040       0.00000
     -58.39640       0.00000
     -58.15340       0.00000
     -57.90940       0.00000
     -57.66540       0.00000
     -57.42240       0.00000
     -57.17840       0.00000
     -56.93540       0.00000
     -56.69140       0.00000
     -56.44840       0.00000
     -56.20440       0.00000
     -55.96140       0.00000
     -55.71740       0.00000
     -55.47340       0.00000
     -55.23040      -0.00000
     -54.98640      -0.00000
     -54.74340      -0.00000
     -54.49940      -0.00227
     -54.25640       0.50310
     -54.01240      87.27000
     -53.76840      10.86000
     -53.52540      -0.09193
     -53.28140      -0.00000
     -53.03840       0.00000
     -52.79440       0.00000
     -52.55140       0.00000
     -52.30740       0.00000
     -52.06440       0.00000
     -51.82040       0.00000
     -51.57640       0.00000
     -51.33340       0.00000
     -51.08940       0.00000
     -50.84640       0.00000
     -50.60240       0.00000
     -50.35940       0.00000
     -50.11540       0.00000
     -49.87240       0.00000
     -49.62840       0.00000
     -49.38440       0.00000
     -49.14140       0.00000
     -48.89740       0.00000
     -48.65440       0.00000
     -48.41040       0.00000
     -48.16740       0.00000
     -47.92340       0.00000
     -47.67940       0.00000
     -47.43640       0.00000
     -47.19240       0.00000
     -46.94940       0.00000
     -46.70540       0.00000
     -46.46240       0.00000
     -46.21840       0.00000
     -45.97540       0.00000
     -45.73140       0.00000
     -45.48740       0.00000
     -45.24440       0.00000
     -45.00040       0.00000
     -44.75740       0.00000
     -44.51340       0.00000
     -44.27040       0.00000
     -44.02640       0.00000
     -43.78340       0.00000
     -43.53940       0.00000
     -43.29540       0.00000
     -43.05240       0.00000
     -42.80840       0.00000
     -42.56540       0.00000
     -42.32140       0.00000
     -42.07840       0.00000
     -41.83440       0.00000
     -41.59040       0.00000
     -41.34740       0.00000
     -41.10340       0.00000
     -40.86040       0.00000
     -40.61640       0.00000
     -40.37340       0.00000
     -40.12940       0.00000
     -39.88640       0.00000
     -39.64240       0.00000
     -39.39840       0.00000
     -39.15540       0.00000
     -38.91140       0.00000
     -38.66840      -0.00000
     -38.42440      -0.00000
     -38.18140      -0.00000
     -37.93740      -1.00500
     -37.69440      89.66000
     -37.45040     182.70000
     -37.20640      24.43000
     -36.96340      -0.19590
     -36.71940      -0.00000
     -36.47640       0.00000
     -36.23240       0.00000
     -35.98940      -0.00000
     -35.74540      -0.00000
     -35.50140      -0.00000
     -35.25840      -0.00023
     -35.01440      -0.46610
     -34.77140      39.71000
     -34.52740      52.06000
     -34.28440     134.20000
     -34.04040      66.94000
     -33.79740       3.17900
     -33.55340      -0.00643
     -33.30940      -0.00000
     -33.06640       0.00000
     -32.82240       0.00000
     -32.57940       0.00000
     -32.33540       0.00000
     -32.09240       0.00000
     -31.84840       0.00000
     -31.60540      -0.00000
     -31.36140      -0.00000
     -31.11740      -0.00010
     -30.87440      -0.18680
     -30.63040      22.65000
     -30.38740      63.65000
     -30.14340      92.17000
     -29.90040      78.10000
     -29.65640      36.31000
     -29.41240       2.91900
     -29.16940      -0.00702
     -28.92540      -0.00000
     -28.68240       0.00000
     -28.43840       0.00000
     -28.19540       0.00000
     -27.95140       0.00000
     -27.70840       0.00000
     -27.46440       0.00000
     -27.22040       0.00000
     -26.97740       0.00000
     -26.73340       0.00000
     -26.49040       0.00000
     -26.24640       0.00000
     -26.00340       0.00000
     -25.75940       0.00000
     -25.51640       0.00000
     -25.27240       0.00000
     -25.02840       0.00000
     -24.78540       0.00000
     -24.54140       0.00000
     -24.29840       0.00000
     -24.05440       0.00000
     -23.81140       0.00000
     -23.56740       0.00000
     -23.32340       0.00000
     -23.08040       0.00000
     -22.83640       0.00000
     -22.59340       0.00000
     -22.34940       0.00000
     -22.10640       0.00000
     -21.86240       0.00000
     -21.61940       0.00000
     -21.37540       0.00000
     -21.13140       0.00000
     -20.88840       0.00000
     -20.64440       0.00000
     -20.40140       0.00000
     -20.15740       0.00000
     -19.91440       0.00000
     -19.67040       0.00000
     -19.42740       0.00000
     -19.18340       0.00000
     -18.93940       0.00000
     -18.69640       0.00000
     -18.45240       0.00000
     -18.20940       0.00000
     -17.96540       0.00000
     -17.72240       0.00000
     -17.47840       0.00000
     -17.23440       0.00000
     -16.99140       0.00000
     -16.74740       0.00000
     -16.50440       0.00000
     -16.26040       0.00000
     -16.01740       0.00000
     -15.77340       0.00000
     -15.53040       0.00000
     -15.28640       0.00000
     -15.04240       0.00000
     -14.79940       0.00000
     -14.55540       0.00000
     -14.31240       0.00000
     -14.06840       0.00000
     -13.82540       0.00000
     -13.58140       0.00000
     -13.33840       0.00000
     -13.09440       0.00000
     -12.85040       0.00000
     -12.60740       0.00000
     -12.36340       0.00000
     -12.12040       0.00000
     -11.87640       0.00000
     -11.63340       0.00000
     -11.38940       0.00000
     -11.14540       0.00000
     -10.90240       0.00000
     -10.65840       0.00000
     -10.41540       0.00000
     -10.17140       0.00000
      -9.92840       0.00000
      -9.68440       0.00000
      -9.44140       0.00000
      -9.19740       0.00000
      -8.95340       0.00000
      -8.71040       0.00000
      -8.46640       0.00000
      -8.22340       0.00000
      -7.97940       0.00000
      -7.73640       0.00000
      -7.49240       0.00000
      -7.24940      -0.00000
      -7.00540      -0.00000
      -6.76140      -0.00000
      -6.51840      -0.00313
      -6.27440       0.22660
      -6.03140       1.18700
      -5.78740       1.83600
      -5.54440       2.04700
      -5.30040       2.97800
      -5.05640       3.49000
      -4.81340       3.80600
      -4.56940       4.54100
      -4.32640       6.04400
      -4.08240       9.79600
      -3.83940      24.85000
      -3.59540      33.81000
      -3.35240      38.61000
      -3.10840      40.72000
      -2.86440      42.38000
      -2.62140      42.15000
      -2.37740      38.41000
      -2.13440      31.44000
      -1.89040      43.44000
      -1.64740      57.52000
      -1.40340      55.06000
      -1.16040      46.83000
      -0.91640      49.05000
      -0.67240      52.99000
      -0.42940      59.08000
      -0.18540      59.49000
       0.05760      45.62000
       0.30160      27.38000
       0.54460      18.28000
       0.78860      22.90000
       1.03260      17.91000
       1.27560      29.58000
       1.51960      38.50000
       1.76260      49.24000
       2.00660      60.60000
       2.24960      63.16000
       2.49360      52.70000
       2.73660       4.84800
       2.98060      -0.02564
       3.22460      -0.00000
       3.46760       0.00000
       3.71160       0.00000
       3.95460       0.00000
       4.19860       0.00000
       4.44160       0.00000
       4.68560       0.00000
       4.92860       0.00000
       5.17260       0.00000
       5.41660       0.00000
       5.65960       0.00000
       5.90360       0.00000
