      #Energy        TDOS
     -78.20535       0.00000
     -77.92235       0.00000
     -77.63835       0.00000
     -77.35435       0.00000
     -77.07135       0.00000
     -76.78735       0.00000
     -76.50335       0.00000
     -76.22035       0.00000
     -75.93635       0.00000
     -75.65235       0.00000
     -75.36935      -0.00000
     -75.08535      -0.00000
     -74.80235      -0.00000
     -74.51835      -0.13410
     -74.23435      39.95000
     -73.95135     245.10000
     -73.66735      11.21000
     -73.38335      -0.00306
     -73.10035       0.00000
     -72.81635       0.00000
     -72.53235       0.00000
     -72.24935       0.00000
     -71.96535       0.00000
     -71.68235       0.00000
     -71.39835       0.00000
     -71.11435       0.00000
     -70.83135       0.00000
     -70.54735       0.00000
     -70.26335       0.00000
     -69.98035       0.00000
     -69.69635       0.00000
     -69.41235       0.00000
     -69.12935       0.00000
     -68.84535       0.00000
     -68.56235       0.00000
     -68.27835       0.00000
     -67.99435       0.00000
     -67.71135       0.00000
     -67.42735       0.00000
     -67.14335       0.00000
     -66.86035       0.00000
     -66.57635       0.00000
     -66.29235       0.00000
     -66.00935       0.00000
     -65.72535       0.00000
     -65.44235       0.00000
     -65.15835       0.00000
     -64.87435       0.00000
     -64.59135       0.00000
     -64.30735       0.00000
     -64.02335       0.00000
     -63.74035       0.00000
     -63.45635       0.00000
     -63.17235       0.00000
     -62.88935       0.00000
     -62.60535       0.00000
     -62.32235       0.00000
     -62.03835       0.00000
     -61.75435       0.00000
     -61.47135       0.00000
     -61.18735       0.00000
     -60.90335       0.00000
     -60.62035       0.00000
     -60.33635       0.00000
     -60.05235       0.00000
     -59.76935       0.00000
     -59.48535       0.00000
     -59.20235       0.00000
     -58.91835       0.00000
     -58.63435       0.00000
     -58.35135       0.00000
     -58.06735       0.00000
     -57.78335       0.00000
     -57.50035       0.00000
     -57.21635       0.00000
     -56.93235       0.00000
     -56.64935       0.00000
     -56.36535       0.00000
     -56.08235       0.00000
     -55.79835       0.00000
     -55.51435       0.00000
     -55.23135       0.00000
     -54.94735       0.00000
     -54.66335       0.00000
     -54.38035       0.00000
     -54.09635       0.00000
     -53.81335       0.00000
     -53.52935       0.00000
     -53.24535       0.00000
     -52.96235       0.00000
     -52.67835       0.00000
     -52.39435       0.00000
     -52.11135       0.00000
     -51.82735       0.00000
     -51.54335       0.00000
     -51.26035       0.00000
     -50.97635       0.00000
     -50.69335       0.00000
     -50.40935       0.00000
     -50.12535       0.00000
     -49.84235       0.00000
     -49.55835       0.00000
     -49.27435       0.00000
     -48.99135       0.00000
     -48.70735       0.00000
     -48.42335       0.00000
     -48.14035       0.00000
     -47.85635       0.00000
     -47.57335       0.00000
     -47.28935       0.00000
     -47.00535       0.00000
     -46.72235       0.00000
     -46.43835       0.00000
     -46.15435       0.00000
     -45.87135       0.00000
     -45.58735       0.00000
     -45.30335       0.00000
     -45.02035       0.00000
     -44.73635       0.00000
     -44.45335       0.00000
     -44.16935      -0.00000
     -43.88535      -0.00000
     -43.60235      -0.00000
     -43.31835      -0.87500
     -43.03435      81.77000
     -42.75135     141.00000
     -42.46735      30.97000
     -42.18335       0.95280
     -41.90035      -0.00012
     -41.61635       0.00000
     -41.33335       0.00000
     -41.04935       0.00000
     -40.76535       0.00000
     -40.48235       0.00000
     -40.19835       0.00000
     -39.91435      -0.00000
     -39.63135      -0.00000
     -39.34735      -0.00001
     -39.06335      -1.27600
     -38.78035     115.90000
     -38.49635     199.10000
     -38.21335     208.60000
     -37.92935     231.20000
     -37.64535     136.00000
     -37.36235      -1.02200
     -37.07835      -0.00000
     -36.79435       0.00000
     -36.51135       0.00000
     -36.22735       0.00000
     -35.94335       0.00000
     -35.66035       0.00000
     -35.37635       0.00000
     -35.09335       0.00000
     -34.80935       0.00000
     -34.52535       0.00000
     -34.24235       0.00000
     -33.95835       0.00000
     -33.67435       0.00000
     -33.39135       0.00000
     -33.10735       0.00000
     -32.82435       0.00000
     -32.54035       0.00000
     -32.25635       0.00000
     -31.97335       0.00000
     -31.68935       0.00000
     -31.40535       0.00000
     -31.12235       0.00000
     -30.83835       0.00000
     -30.55435       0.00000
     -30.27135       0.00000
     -29.98735       0.00000
     -29.70435       0.00000
     -29.42035       0.00000
     -29.13635       0.00000
     -28.85335       0.00000
     -28.56935       0.00000
     -28.28535       0.00000
     -28.00235       0.00000
     -27.71835       0.00000
     -27.43435       0.00000
     -27.15135       0.00000
     -26.86735       0.00000
     -26.58435       0.00000
     -26.30035       0.00000
     -26.01635       0.00000
     -25.73335       0.00000
     -25.44935       0.00000
     -25.16535       0.00000
     -24.88235       0.00000
     -24.59835       0.00000
     -24.31435       0.00000
     -24.03135       0.00000
     -23.74735       0.00000
     -23.46435       0.00000
     -23.18035       0.00000
     -22.89635       0.00000
     -22.61335       0.00000
     -22.32935       0.00000
     -22.04535       0.00000
     -21.76235       0.00000
     -21.47835       0.00000
     -21.19435       0.00000
     -20.91135       0.00000
     -20.62735       0.00000
     -20.34435       0.00000
     -20.06035       0.00000
     -19.77635       0.00000
     -19.49335       0.00000
     -19.20935       0.00000
     -18.92535       0.00000
     -18.64235       0.00000
     -18.35835       0.00000
     -18.07435       0.00000
     -17.79135       0.00000
     -17.50735       0.00000
     -17.22435       0.00000
     -16.94035       0.00000
     -16.65635       0.00000
     -16.37335       0.00000
     -16.08935       0.00000
     -15.80535       0.00000
     -15.52235       0.00000
     -15.23835       0.00000
     -14.95435       0.00000
     -14.67135       0.00000
     -14.38735       0.00000
     -14.10435       0.00000
     -13.82035       0.00000
     -13.53635       0.00000
     -13.25335       0.00000
     -12.96935       0.00000
     -12.68535       0.00000
     -12.40235       0.00000
     -12.11835       0.00000
     -11.83435       0.00000
     -11.55135       0.00000
     -11.26735       0.00000
     -10.98435       0.00000
     -10.70035       0.00000
     -10.41635       0.00000
     -10.13335      -0.00000
      -9.84935      -0.00000
      -9.56535      -0.00000
      -9.28235      -0.00007
      -8.99835       1.01400
      -8.71535       2.05700
      -8.43135       2.47900
      -8.14735       3.95900
      -7.86435       3.86200
      -7.58035       4.70700
      -7.29635       4.82100
      -7.01335       7.75300
      -6.72935       7.64000
      -6.44535      10.49000
      -6.16235      14.11000
      -5.87835      29.12000
      -5.59535      37.30000
      -5.31135      43.82000
      -5.02735      49.89000
      -4.74435      59.31000
      -4.46035      63.01000
      -4.17635      47.24000
      -3.89335      30.51000
      -3.60935      65.74000
      -3.32535      84.11000
      -3.04235      81.95000
      -2.75835      70.29000
      -2.47535      65.82000
      -2.19135      78.58000
      -1.90735      81.74000
      -1.62435      62.76000
      -1.34035      41.45000
      -1.05635      29.01000
      -0.77335      32.84000
      -0.48935      38.51000
      -0.20535      41.35000
       0.07765      41.45000
       0.36165      46.74000
       0.64465      47.09000
       0.92865      46.97000
       1.21265      47.64000
       1.49565      47.54000
       1.77965      51.75000
       2.06365      57.15000
       2.34665      62.67000
       2.63065      65.67000
       2.91465      76.15000
       3.19765      10.01000
       3.48165      -0.01718
       3.76465      -0.00000
       4.04865       0.00000
       4.33265       0.00000
       4.61565       0.00000
       4.89965       0.00000
       5.18365       0.00000
       5.46665       0.00000
       5.75065       0.00000
       6.03465       0.00000
       6.31765       0.00000
       6.60165       0.00000
       6.88465       0.00000
