      #Energy        TDOS
     -63.74157       0.00000
     -63.50857       0.00000
     -63.27657       0.00000
     -63.04357       0.00000
     -62.81057       0.00000
     -62.57857       0.00000
     -62.34557       0.00000
     -62.11357       0.00000
     -61.88057       0.00000
     -61.64757       0.00000
     -61.41557      -0.00000
     -61.18257      -0.00000
     -60.95057      -0.00001
     -60.71757      -0.60900
     -60.48457      34.36000
     -60.25257     119.10000
     -60.01957      10.55000
     -59.78757      -0.06114
     -59.55457      -0.00000
     -59.32157       0.00000
     -59.08957       0.00000
     -58.85657       0.00000
     -58.62357       0.00000
     -58.39157       0.00000
     -58.15857       0.00000
     -57.92657       0.00000
     -57.69357       0.00000
     -57.46057       0.00000
     -57.22857       0.00000
     -56.99557       0.00000
     -56.76357       0.00000
     -56.53057       0.00000
     -56.29757       0.00000
     -56.06557       0.00000
     -55.83257       0.00000
     -55.60057       0.00000
     -55.36757       0.00000
     -55.13457       0.00000
     -54.90257       0.00000
     -54.66957       0.00000
     -54.43757       0.00000
     -54.20457       0.00000
     -53.97157       0.00000
     -53.73957       0.00000
     -53.50657       0.00000
     -53.27457       0.00000
     -53.04157       0.00000
     -52.80857       0.00000
     -52.57657       0.00000
     -52.34357       0.00000
     -52.11157       0.00000
     -51.87857       0.00000
     -51.64557       0.00000
     -51.41357       0.00000
     -51.18057       0.00000
     -50.94857       0.00000
     -50.71557       0.00000
     -50.48257       0.00000
     -50.25057       0.00000
     -50.01757       0.00000
     -49.78557       0.00000
     -49.55257       0.00000
     -49.31957       0.00000
     -49.08757       0.00000
     -48.85457      -0.00000
     -48.62257      -0.00000
     -48.38957      -0.00000
     -48.15657      -0.10140
     -47.92457      12.30000
     -47.69157      13.81000
     -47.45957      -0.20810
     -47.22657      -0.00000
     -46.99357       0.00000
     -46.76157       0.00000
     -46.52857       0.00000
     -46.29657       0.00000
     -46.06357       0.00000
     -45.83057       0.00000
     -45.59857       0.00000
     -45.36557       0.00000
     -45.13257       0.00000
     -44.90057       0.00000
     -44.66757       0.00000
     -44.43557       0.00000
     -44.20257       0.00000
     -43.96957       0.00000
     -43.73757       0.00000
     -43.50457       0.00000
     -43.27257       0.00000
     -43.03957       0.00000
     -42.80657       0.00000
     -42.57457       0.00000
     -42.34157       0.00000
     -42.10957       0.00000
     -41.87657       0.00000
     -41.64357       0.00000
     -41.41157       0.00000
     -41.17857       0.00000
     -40.94657       0.00000
     -40.71357       0.00000
     -40.48057       0.00000
     -40.24857       0.00000
     -40.01557       0.00000
     -39.78357       0.00000
     -39.55057       0.00000
     -39.31757       0.00000
     -39.08557       0.00000
     -38.85257       0.00000
     -38.62057       0.00000
     -38.38757       0.00000
     -38.15457       0.00000
     -37.92257       0.00000
     -37.68957       0.00000
     -37.45757       0.00000
     -37.22457       0.00000
     -36.99157       0.00000
     -36.75957       0.00000
     -36.52657       0.00000
     -36.29457       0.00000
     -36.06157       0.00000
     -35.82857      -0.00000
     -35.59657      -0.00000
     -35.36357      -0.00000
     -35.13157      -0.49670
     -34.89857      35.42000
     -34.66557     121.60000
     -34.43357     132.80000
     -34.20057     160.70000
     -33.96857      42.68000
     -33.73557      56.31000
     -33.50257      37.07000
     -33.27057       7.30300
     -33.03757      -0.11890
     -32.80457      -0.00000
     -32.57257       0.00000
     -32.33957       0.00000
     -32.10757       0.00000
     -31.87457       0.00000
     -31.64157       0.00000
     -31.40957       0.00000
     -31.17657      -0.00000
     -30.94457      -0.00000
     -30.71157      -0.00001
     -30.47857      -0.25910
     -30.24657      13.81000
     -30.01357      43.97000
     -29.78157      94.99000
     -29.54857      98.30000
     -29.31557       7.16800
     -29.08357      -0.03236
     -28.85057      -0.00000
     -28.61857       0.00000
     -28.38557       0.00000
     -28.15257       0.00000
     -27.92057       0.00000
     -27.68757       0.00000
     -27.45557      -0.00000
     -27.22257      -0.00000
     -26.98957      -0.00000
     -26.75757      -0.00069
     -26.52457       0.34100
     -26.29257       8.26900
     -26.05957      20.82000
     -25.82657      39.86000
     -25.59457       8.39400
     -25.36157      -0.29640
     -25.12957      -0.00001
     -24.89657       0.00000
     -24.66357       0.00000
     -24.43157       0.00000
     -24.19857       0.00000
     -23.96657       0.00000
     -23.73357       0.00000
     -23.50057       0.00000
     -23.26857       0.00000
     -23.03557       0.00000
     -22.80357       0.00000
     -22.57057       0.00000
     -22.33757       0.00000
     -22.10557       0.00000
     -21.87257       0.00000
     -21.64057       0.00000
     -21.40757       0.00000
     -21.17457       0.00000
     -20.94257       0.00000
     -20.70957       0.00000
     -20.47657       0.00000
     -20.24457       0.00000
     -20.01157       0.00000
     -19.77957       0.00000
     -19.54657       0.00000
     -19.31357       0.00000
     -19.08157       0.00000
     -18.84857       0.00000
     -18.61657       0.00000
     -18.38357       0.00000
     -18.15057       0.00000
     -17.91857       0.00000
     -17.68557       0.00000
     -17.45357       0.00000
     -17.22057       0.00000
     -16.98757       0.00000
     -16.75557       0.00000
     -16.52257       0.00000
     -16.29057       0.00000
     -16.05757       0.00000
     -15.82457       0.00000
     -15.59257       0.00000
     -15.35957       0.00000
     -15.12757       0.00000
     -14.89457       0.00000
     -14.66157       0.00000
     -14.42957       0.00000
     -14.19657       0.00000
     -13.96457       0.00000
     -13.73157       0.00000
     -13.49857       0.00000
     -13.26657       0.00000
     -13.03357       0.00000
     -12.80157       0.00000
     -12.56857       0.00000
     -12.33557       0.00000
     -12.10357       0.00000
     -11.87057       0.00000
     -11.63857       0.00000
     -11.40557       0.00000
     -11.17257       0.00000
     -10.94057       0.00000
     -10.70757       0.00000
     -10.47557       0.00000
     -10.24257       0.00000
     -10.00957       0.00000
      -9.77757       0.00000
      -9.54457       0.00000
      -9.31257       0.00000
      -9.07957       0.00000
      -8.84657       0.00000
      -8.61457       0.00000
      -8.38157       0.00000
      -8.14857       0.00000
      -7.91657       0.00000
      -7.68357      -0.00000
      -7.45157      -0.00000
      -7.21857      -0.00000
      -6.98557      -0.00752
      -6.75357       0.34700
      -6.52057       1.31300
      -6.28857       1.96500
      -6.05557       1.94000
      -5.82257       3.07200
      -5.59057       3.25700
      -5.35757       2.96600
      -5.12557       4.58800
      -4.89257       5.65400
      -4.65957       5.44000
      -4.42757       6.98400
      -4.19457      10.64000
      -3.96257      20.13000
      -3.72957      26.88000
      -3.49657      33.72000
      -3.26457      38.47000
      -3.03157      41.40000
      -2.79957      44.78000
      -2.56657      42.32000
      -2.33357      29.51000
      -2.10157      26.19000
      -1.86857      54.32000
      -1.63657      61.10000
      -1.40357      52.91000
      -1.17057      46.31000
      -0.93857      47.32000
      -0.70557      50.43000
      -0.47357      50.32000
      -0.24057      45.87000
      -0.00757      38.32000
       0.22443      34.68000
       0.45743      28.14000
       0.68943      21.86000
       0.92243      19.73000
       1.15543      20.35000
       1.38743      26.09000
       1.62043      33.86000
       1.85243      42.10000
       2.08543      44.61000
       2.31843      47.04000
       2.55043      45.96000
       2.78343      36.62000
       3.01543       4.29200
       3.24843      -0.03347
       3.48143      -0.00000
       3.71343       0.00000
       3.94643       0.00000
       4.17943       0.00000
       4.41143       0.00000
       4.64443       0.00000
       4.87643       0.00000
       5.10943       0.00000
       5.34243       0.00000
       5.57443       0.00000
       5.80743       0.00000
       6.03943       0.00000
