      #Energy        TDOS
     -77.22407       0.00000
     -76.94607       0.00000
     -76.66807       0.00000
     -76.38907       0.00000
     -76.11107       0.00000
     -75.83307       0.00000
     -75.55507       0.00000
     -75.27707       0.00000
     -74.99907       0.00000
     -74.72107       0.00000
     -74.44207      -0.00000
     -74.16407      -0.00000
     -73.88607      -0.00000
     -73.60807      -0.21790
     -73.33007      34.98000
     -73.05207      30.22000
     -72.77407      -0.26260
     -72.49507      -0.00000
     -72.21707       0.00000
     -71.93907       0.00000
     -71.66107       0.00000
     -71.38307       0.00000
     -71.10507       0.00000
     -70.82707       0.00000
     -70.54907       0.00000
     -70.27007       0.00000
     -69.99207       0.00000
     -69.71407       0.00000
     -69.43607       0.00000
     -69.15807       0.00000
     -68.88007       0.00000
     -68.60207       0.00000
     -68.32307       0.00000
     -68.04507       0.00000
     -67.76707       0.00000
     -67.48907       0.00000
     -67.21107       0.00000
     -66.93307       0.00000
     -66.65507       0.00000
     -66.37607       0.00000
     -66.09807       0.00000
     -65.82007       0.00000
     -65.54207       0.00000
     -65.26407       0.00000
     -64.98607       0.00000
     -64.70807      -0.00000
     -64.42907      -0.00000
     -64.15107      -0.00982
     -63.87307      11.64000
     -63.59507      52.90000
     -63.31707       0.18740
     -63.03907      -0.00008
     -62.76107       0.00000
     -62.48307       0.00000
     -62.20407       0.00000
     -61.92607       0.00000
     -61.64807       0.00000
     -61.37007       0.00000
     -61.09207       0.00000
     -60.81407       0.00000
     -60.53607       0.00000
     -60.25707       0.00000
     -59.97907       0.00000
     -59.70107       0.00000
     -59.42307       0.00000
     -59.14507       0.00000
     -58.86707       0.00000
     -58.58907       0.00000
     -58.31007       0.00000
     -58.03207       0.00000
     -57.75407       0.00000
     -57.47607       0.00000
     -57.19807       0.00000
     -56.92007       0.00000
     -56.64207       0.00000
     -56.36307       0.00000
     -56.08507       0.00000
     -55.80707       0.00000
     -55.52907       0.00000
     -55.25107       0.00000
     -54.97307       0.00000
     -54.69507       0.00000
     -54.41707       0.00000
     -54.13807       0.00000
     -53.86007       0.00000
     -53.58207       0.00000
     -53.30407       0.00000
     -53.02607       0.00000
     -52.74807       0.00000
     -52.47007       0.00000
     -52.19107       0.00000
     -51.91307       0.00000
     -51.63507       0.00000
     -51.35707       0.00000
     -51.07907       0.00000
     -50.80107       0.00000
     -50.52307       0.00000
     -50.24407       0.00000
     -49.96607       0.00000
     -49.68807       0.00000
     -49.41007       0.00000
     -49.13207       0.00000
     -48.85407       0.00000
     -48.57607       0.00000
     -48.29707       0.00000
     -48.01907       0.00000
     -47.74107       0.00000
     -47.46307       0.00000
     -47.18507       0.00000
     -46.90707       0.00000
     -46.62907       0.00000
     -46.35107       0.00000
     -46.07207       0.00000
     -45.79407       0.00000
     -45.51607       0.00000
     -45.23807       0.00000
     -44.96007       0.00000
     -44.68207       0.00000
     -44.40407       0.00000
     -44.12507       0.00000
     -43.84707      -0.00000
     -43.56907      -0.00000
     -43.29107      -0.00009
     -43.01307       0.39660
     -42.73507      43.77000
     -42.45707     140.60000
     -42.17807       9.35400
     -41.90007      -0.01114
     -41.62207       0.00000
     -41.34407       0.00000
     -41.06607       0.00000
     -40.78807       0.00000
     -40.51007       0.00000
     -40.23107       0.00000
     -39.95307       0.00000
     -39.67507       0.00000
     -39.39707       0.00000
     -39.11907      -0.00000
     -38.84107      -0.00000
     -38.56307      -0.00000
     -38.28507      -0.04471
     -38.00607      17.33000
     -37.72807     110.90000
     -37.45007     157.00000
     -37.17207      94.91000
     -36.89407       8.20500
     -36.61607      -0.00434
     -36.33807       0.00000
     -36.05907       0.00000
     -35.78107       0.00000
     -35.50307       0.00000
     -35.22507       0.00000
     -34.94707       0.00000
     -34.66907       0.00000
     -34.39107       0.00000
     -34.11207       0.00000
     -33.83407       0.00000
     -33.55607       0.00000
     -33.27807       0.00000
     -33.00007       0.00000
     -32.72207       0.00000
     -32.44407       0.00000
     -32.16507       0.00000
     -31.88707       0.00000
     -31.60907       0.00000
     -31.33107      -0.00000
     -31.05307      -0.00000
     -30.77507      -0.00000
     -30.49707      -0.21270
     -30.21907      15.73000
     -29.94007      25.89000
     -29.66207      47.18000
     -29.38407      75.60000
     -29.10607      30.52000
     -28.82807      -0.55340
     -28.55007      -0.00000
     -28.27207       0.00000
     -27.99307       0.00000
     -27.71507       0.00000
     -27.43707       0.00000
     -27.15907       0.00000
     -26.88107       0.00000
     -26.60307       0.00000
     -26.32507       0.00000
     -26.04607       0.00000
     -25.76807       0.00000
     -25.49007       0.00000
     -25.21207       0.00000
     -24.93407       0.00000
     -24.65607       0.00000
     -24.37807       0.00000
     -24.10007       0.00000
     -23.82107       0.00000
     -23.54307       0.00000
     -23.26507       0.00000
     -22.98707       0.00000
     -22.70907       0.00000
     -22.43107       0.00000
     -22.15307       0.00000
     -21.87407       0.00000
     -21.59607       0.00000
     -21.31807       0.00000
     -21.04007       0.00000
     -20.76207       0.00000
     -20.48407       0.00000
     -20.20607       0.00000
     -19.92707       0.00000
     -19.64907       0.00000
     -19.37107       0.00000
     -19.09307       0.00000
     -18.81507       0.00000
     -18.53707       0.00000
     -18.25907       0.00000
     -17.98007       0.00000
     -17.70207       0.00000
     -17.42407       0.00000
     -17.14607       0.00000
     -16.86807       0.00000
     -16.59007       0.00000
     -16.31207       0.00000
     -16.03407       0.00000
     -15.75507       0.00000
     -15.47707       0.00000
     -15.19907       0.00000
     -14.92107       0.00000
     -14.64307       0.00000
     -14.36507       0.00000
     -14.08707       0.00000
     -13.80807       0.00000
     -13.53007       0.00000
     -13.25207       0.00000
     -12.97407       0.00000
     -12.69607       0.00000
     -12.41807       0.00000
     -12.14007       0.00000
     -11.86107       0.00000
     -11.58307       0.00000
     -11.30507       0.00000
     -11.02707       0.00000
     -10.74907       0.00000
     -10.47107       0.00000
     -10.19307       0.00000
      -9.91407       0.00000
      -9.63607       0.00000
      -9.35807       0.00000
      -9.08007       0.00000
      -8.80207       0.00000
      -8.52407      -0.00000
      -8.24607      -0.00000
      -7.96807      -0.00000
      -7.68907      -0.00413
      -7.41107       0.36100
      -7.13307       1.32500
      -6.85507       1.97200
      -6.57707       2.52700
      -6.29907       2.78800
      -6.02107       3.13800
      -5.74207       4.19500
      -5.46407       4.95600
      -5.18607       4.70900
      -4.90807       5.36900
      -4.63007       7.18800
      -4.35207       9.38800
      -4.07407      14.56000
      -3.79507      23.68000
      -3.51707      27.57000
      -3.23907      30.71000
      -2.96107      33.89000
      -2.68307      39.68000
      -2.40507      36.70000
      -2.12707      25.58000
      -1.84807      33.23000
      -1.57007      46.86000
      -1.29207      59.48000
      -1.01407      57.18000
      -0.73607      59.70000
      -0.45807      61.01000
      -0.18007      53.25000
       0.09793      41.67000
       0.37693      33.08000
       0.65493      24.19000
       0.93293      27.31000
       1.21093      42.14000
       1.48893      53.59000
       1.76693      55.72000
       2.04493      50.00000
       2.32393      46.60000
       2.60193      10.21000
       2.87993      -0.02843
       3.15793      -0.00000
       3.43593       0.00000
       3.71393       0.00000
       3.99193       0.00000
       4.27093       0.00000
       4.54893       0.00000
       4.82693       0.00000
       5.10493       0.00000
       5.38293       0.00000
       5.66093       0.00000
       5.93893       0.00000
       6.21793       0.00000
