      #Energy        TDOS
     -78.06353       0.00000
     -77.78053       0.00000
     -77.49653       0.00000
     -77.21353       0.00000
     -76.93053       0.00000
     -76.64653       0.00000
     -76.36353       0.00000
     -76.08053       0.00000
     -75.79653       0.00000
     -75.51353       0.00000
     -75.23053      -0.00000
     -74.94653      -0.00000
     -74.66353      -0.00000
     -74.38053      -0.28130
     -74.09653      62.50000
     -73.81353     100.80000
     -73.52953      -0.69430
     -73.24653      -0.00000
     -72.96353       0.00000
     -72.67953       0.00000
     -72.39653       0.00000
     -72.11353       0.00000
     -71.82953       0.00000
     -71.54653       0.00000
     -71.26353       0.00000
     -70.97953       0.00000
     -70.69653       0.00000
     -70.41353       0.00000
     -70.12953       0.00000
     -69.84653       0.00000
     -69.56353       0.00000
     -69.27953       0.00000
     -68.99653       0.00000
     -68.71253       0.00000
     -68.42953       0.00000
     -68.14653       0.00000
     -67.86253       0.00000
     -67.57953       0.00000
     -67.29653       0.00000
     -67.01253       0.00000
     -66.72953       0.00000
     -66.44653       0.00000
     -66.16253       0.00000
     -65.87953       0.00000
     -65.59653       0.00000
     -65.31253       0.00000
     -65.02953       0.00000
     -64.74653       0.00000
     -64.46253       0.00000
     -64.17953       0.00000
     -63.89553       0.00000
     -63.61253       0.00000
     -63.32953       0.00000
     -63.04553       0.00000
     -62.76253       0.00000
     -62.47953       0.00000
     -62.19553      -0.00000
     -61.91253      -0.00000
     -61.62953      -0.00000
     -61.34553      -0.09008
     -61.06253      31.60000
     -60.77953     132.60000
     -60.49553      -1.79100
     -60.21253      -0.00000
     -59.92853       0.00000
     -59.64553       0.00000
     -59.36253       0.00000
     -59.07853       0.00000
     -58.79553       0.00000
     -58.51253       0.00000
     -58.22853       0.00000
     -57.94553       0.00000
     -57.66253       0.00000
     -57.37853       0.00000
     -57.09553       0.00000
     -56.81253       0.00000
     -56.52853       0.00000
     -56.24553       0.00000
     -55.96253       0.00000
     -55.67853       0.00000
     -55.39553       0.00000
     -55.11153       0.00000
     -54.82853       0.00000
     -54.54553       0.00000
     -54.26153       0.00000
     -53.97853       0.00000
     -53.69553       0.00000
     -53.41153       0.00000
     -53.12853       0.00000
     -52.84553       0.00000
     -52.56153       0.00000
     -52.27853       0.00000
     -51.99553       0.00000
     -51.71153       0.00000
     -51.42853       0.00000
     -51.14553       0.00000
     -50.86153       0.00000
     -50.57853       0.00000
     -50.29453       0.00000
     -50.01153       0.00000
     -49.72853       0.00000
     -49.44453       0.00000
     -49.16153       0.00000
     -48.87853       0.00000
     -48.59453       0.00000
     -48.31153       0.00000
     -48.02853       0.00000
     -47.74453       0.00000
     -47.46153       0.00000
     -47.17853       0.00000
     -46.89453       0.00000
     -46.61153       0.00000
     -46.32853       0.00000
     -46.04453       0.00000
     -45.76153       0.00000
     -45.47753       0.00000
     -45.19453       0.00000
     -44.91153       0.00000
     -44.62753       0.00000
     -44.34453       0.00000
     -44.06153       0.00000
     -43.77753       0.00000
     -43.49453       0.00000
     -43.21153       0.00000
     -42.92753       0.00000
     -42.64453       0.00000
     -42.36153       0.00000
     -42.07753       0.00000
     -41.79453       0.00000
     -41.51053       0.00000
     -41.22753       0.00000
     -40.94453       0.00000
     -40.66053       0.00000
     -40.37753       0.00000
     -40.09453       0.00000
     -39.81053      -0.00000
     -39.52753      -0.00000
     -39.24453      -0.00000
     -38.96053      -0.18990
     -38.67753      36.36000
     -38.39453     157.30000
     -38.11053     165.30000
     -37.82753     123.70000
     -37.54453       4.55000
     -37.26053      -0.00162
     -36.97753       0.00000
     -36.69353      -0.00000
     -36.41053      -0.00000
     -36.12753      -0.00000
     -35.84353      -0.09538
     -35.56053      24.38000
     -35.27753      97.68000
     -34.99353     174.20000
     -34.71053     163.80000
     -34.42753      27.10000
     -34.14353      -0.04358
     -33.86053      -0.00000
     -33.57753       0.00000
     -33.29353       0.00000
     -33.01053       0.00000
     -32.72753       0.00000
     -32.44353       0.00000
     -32.16053       0.00000
     -31.87653       0.00000
     -31.59353       0.00000
     -31.31053       0.00000
     -31.02653       0.00000
     -30.74353       0.00000
     -30.46053       0.00000
     -30.17653       0.00000
     -29.89353       0.00000
     -29.61053       0.00000
     -29.32653       0.00000
     -29.04353       0.00000
     -28.76053       0.00000
     -28.47653       0.00000
     -28.19353       0.00000
     -27.91053       0.00000
     -27.62653       0.00000
     -27.34353       0.00000
     -27.05953       0.00000
     -26.77653       0.00000
     -26.49353       0.00000
     -26.20953       0.00000
     -25.92653       0.00000
     -25.64353       0.00000
     -25.35953       0.00000
     -25.07653       0.00000
     -24.79353       0.00000
     -24.50953       0.00000
     -24.22653       0.00000
     -23.94353       0.00000
     -23.65953       0.00000
     -23.37653       0.00000
     -23.09253       0.00000
     -22.80953       0.00000
     -22.52653       0.00000
     -22.24253       0.00000
     -21.95953       0.00000
     -21.67653       0.00000
     -21.39253       0.00000
     -21.10953       0.00000
     -20.82653       0.00000
     -20.54253       0.00000
     -20.25953       0.00000
     -19.97653       0.00000
     -19.69253       0.00000
     -19.40953       0.00000
     -19.12653       0.00000
     -18.84253       0.00000
     -18.55953       0.00000
     -18.27553       0.00000
     -17.99253       0.00000
     -17.70953       0.00000
     -17.42553       0.00000
     -17.14253       0.00000
     -16.85953       0.00000
     -16.57553       0.00000
     -16.29253       0.00000
     -16.00953       0.00000
     -15.72553       0.00000
     -15.44253       0.00000
     -15.15953       0.00000
     -14.87553       0.00000
     -14.59253       0.00000
     -14.30953       0.00000
     -14.02553       0.00000
     -13.74253       0.00000
     -13.45853       0.00000
     -13.17553       0.00000
     -12.89253       0.00000
     -12.60853       0.00000
     -12.32553       0.00000
     -12.04253       0.00000
     -11.75853       0.00000
     -11.47553       0.00000
     -11.19253       0.00000
     -10.90853       0.00000
     -10.62553       0.00000
     -10.34253       0.00000
     -10.05853       0.00000
      -9.77553      -0.00000
      -9.49253      -0.00000
      -9.20853      -0.00000
      -8.92553      -0.01039
      -8.64153       0.91980
      -8.35853       2.58000
      -8.07553       2.78200
      -7.79153       4.05000
      -7.50853       4.67400
      -7.22553       4.86400
      -6.94153       6.70400
      -6.65853       8.66100
      -6.37553      10.80000
      -6.09153      17.06000
      -5.80853      30.22000
      -5.52553      41.17000
      -5.24153      50.26000
      -4.95853      58.90000
      -4.67453      65.14000
      -4.39153      63.33000
      -4.10853      59.86000
      -3.82453      58.16000
      -3.54153      52.82000
      -3.25853      56.24000
      -2.97453      75.25000
      -2.69153      72.80000
      -2.40853      66.69000
      -2.12453      70.88000
      -1.84153      75.93000
      -1.55853      61.77000
      -1.27453      48.46000
      -0.99153      40.12000
      -0.70853      41.89000
      -0.42453      40.97000
      -0.14153      41.71000
       0.14247      41.93000
       0.42547      40.11000
       0.70847      41.96000
       0.99247      47.10000
       1.27547      51.23000
       1.55847      57.33000
       1.84247      67.04000
       2.12547      68.05000
       2.40847      67.51000
       2.69247      76.92000
       2.97547      65.19000
       3.25847       3.35900
       3.54247      -0.00845
       3.82547      -0.00000
       4.10847       0.00000
       4.39247       0.00000
       4.67547       0.00000
       4.95947       0.00000
       5.24247       0.00000
       5.52547       0.00000
       5.80947       0.00000
       6.09247       0.00000
       6.37547       0.00000
       6.65947       0.00000
       6.94247       0.00000
