      #Energy        TDOS
     -77.42619       0.00000
     -77.14519       0.00000
     -76.86419       0.00000
     -76.58319       0.00000
     -76.30319       0.00000
     -76.02219       0.00000
     -75.74119       0.00000
     -75.46019       0.00000
     -75.17919       0.00000
     -74.89919       0.00000
     -74.61819      -0.00000
     -74.33719      -0.00000
     -74.05619      -0.00000
     -73.77519      -0.13470
     -73.49519      31.50000
     -73.21419      53.33000
     -72.93319       0.77200
     -72.65219      -0.00022
     -72.37119       0.00000
     -72.09119       0.00000
     -71.81019       0.00000
     -71.52919       0.00000
     -71.24819       0.00000
     -70.96719       0.00000
     -70.68619       0.00000
     -70.40619       0.00000
     -70.12519       0.00000
     -69.84419       0.00000
     -69.56319       0.00000
     -69.28219       0.00000
     -69.00219       0.00000
     -68.72119       0.00000
     -68.44019       0.00000
     -68.15919       0.00000
     -67.87819       0.00000
     -67.59819       0.00000
     -67.31719       0.00000
     -67.03619       0.00000
     -66.75519       0.00000
     -66.47419       0.00000
     -66.19419       0.00000
     -65.91319       0.00000
     -65.63219       0.00000
     -65.35119       0.00000
     -65.07019       0.00000
     -64.79019       0.00000
     -64.50919       0.00000
     -64.22819       0.00000
     -63.94719       0.00000
     -63.66619       0.00000
     -63.38619       0.00000
     -63.10519       0.00000
     -62.82419       0.00000
     -62.54319       0.00000
     -62.26219       0.00000
     -61.98219       0.00000
     -61.70119      -0.00000
     -61.42019      -0.00000
     -61.13919      -0.00000
     -60.85819      -0.15990
     -60.57819      12.04000
     -60.29719      61.38000
     -60.01619      12.23000
     -59.73519      -0.01970
     -59.45419      -0.00000
     -59.17319       0.00000
     -58.89319       0.00000
     -58.61219       0.00000
     -58.33119       0.00000
     -58.05019       0.00000
     -57.76919       0.00000
     -57.48919       0.00000
     -57.20819       0.00000
     -56.92719       0.00000
     -56.64619       0.00000
     -56.36519       0.00000
     -56.08519       0.00000
     -55.80419       0.00000
     -55.52319       0.00000
     -55.24219       0.00000
     -54.96119       0.00000
     -54.68119       0.00000
     -54.40019       0.00000
     -54.11919       0.00000
     -53.83819       0.00000
     -53.55719       0.00000
     -53.27719       0.00000
     -52.99619       0.00000
     -52.71519       0.00000
     -52.43419       0.00000
     -52.15319       0.00000
     -51.87319       0.00000
     -51.59219       0.00000
     -51.31119       0.00000
     -51.03019       0.00000
     -50.74919       0.00000
     -50.46919       0.00000
     -50.18819       0.00000
     -49.90719       0.00000
     -49.62619       0.00000
     -49.34519       0.00000
     -49.06519       0.00000
     -48.78419      -0.00000
     -48.50319      -0.00000
     -48.22219      -0.00552
     -47.94119       8.01200
     -47.66019      78.75000
     -47.38019      -1.29000
     -47.09919      -0.00001
     -46.81819       0.00000
     -46.53719       0.00000
     -46.25619       0.00000
     -45.97619       0.00000
     -45.69519       0.00000
     -45.41419       0.00000
     -45.13319       0.00000
     -44.85219       0.00000
     -44.57219       0.00000
     -44.29119       0.00000
     -44.01019       0.00000
     -43.72919       0.00000
     -43.44819       0.00000
     -43.16819       0.00000
     -42.88719       0.00000
     -42.60619       0.00000
     -42.32519       0.00000
     -42.04419       0.00000
     -41.76419       0.00000
     -41.48319       0.00000
     -41.20219       0.00000
     -40.92119       0.00000
     -40.64019       0.00000
     -40.36019       0.00000
     -40.07919       0.00000
     -39.79819       0.00000
     -39.51719       0.00000
     -39.23619       0.00000
     -38.95619      -0.00000
     -38.67519      -0.00000
     -38.39419      -0.00023
     -38.11319       0.67010
     -37.83219      52.58000
     -37.55119     126.50000
     -37.27119      76.70000
     -36.99019      -0.07064
     -36.70919      -0.00009
     -36.42819       0.00000
     -36.14719       0.00000
     -35.86719      -0.00000
     -35.58619      -0.00000
     -35.30519      -0.00061
     -35.02419       1.33700
     -34.74319      59.17000
     -34.46319      83.60000
     -34.18219     107.30000
     -33.90119       4.96900
     -33.62019      -0.00176
     -33.33919       0.00000
     -33.05919       0.00000
     -32.77819       0.00000
     -32.49719       0.00000
     -32.21619       0.00000
     -31.93519       0.00000
     -31.65519       0.00000
     -31.37419       0.00000
     -31.09319       0.00000
     -30.81219       0.00000
     -30.53119       0.00000
     -30.25119       0.00000
     -29.97019       0.00000
     -29.68919       0.00000
     -29.40819       0.00000
     -29.12719       0.00000
     -28.84719       0.00000
     -28.56619       0.00000
     -28.28519       0.00000
     -28.00419       0.00000
     -27.72319       0.00000
     -27.44319      -0.00000
     -27.16219      -0.00000
     -26.88119      -0.00016
     -26.60019       0.67400
     -26.31919      27.43000
     -26.03819      67.77000
     -25.75819     107.50000
     -25.47719      53.69000
     -25.19619      -0.61350
     -24.91519      -0.00000
     -24.63419       0.00000
     -24.35419       0.00000
     -24.07319       0.00000
     -23.79219       0.00000
     -23.51119       0.00000
     -23.23019       0.00000
     -22.95019       0.00000
     -22.66919       0.00000
     -22.38819       0.00000
     -22.10719       0.00000
     -21.82619       0.00000
     -21.54619       0.00000
     -21.26519       0.00000
     -20.98419       0.00000
     -20.70319       0.00000
     -20.42219       0.00000
     -20.14219       0.00000
     -19.86119       0.00000
     -19.58019       0.00000
     -19.29919       0.00000
     -19.01819       0.00000
     -18.73819       0.00000
     -18.45719       0.00000
     -18.17619       0.00000
     -17.89519       0.00000
     -17.61419       0.00000
     -17.33419       0.00000
     -17.05319       0.00000
     -16.77219       0.00000
     -16.49119       0.00000
     -16.21019       0.00000
     -15.92919       0.00000
     -15.64919       0.00000
     -15.36819       0.00000
     -15.08719       0.00000
     -14.80619       0.00000
     -14.52519       0.00000
     -14.24519       0.00000
     -13.96419       0.00000
     -13.68319       0.00000
     -13.40219       0.00000
     -13.12119       0.00000
     -12.84119       0.00000
     -12.56019       0.00000
     -12.27919       0.00000
     -11.99819       0.00000
     -11.71719       0.00000
     -11.43719       0.00000
     -11.15619       0.00000
     -10.87519       0.00000
     -10.59419       0.00000
     -10.31319       0.00000
     -10.03319       0.00000
      -9.75219       0.00000
      -9.47119       0.00000
      -9.19019       0.00000
      -8.90919       0.00000
      -8.62919       0.00000
      -8.34819       0.00000
      -8.06719      -0.00000
      -7.78619      -0.00000
      -7.50519      -0.00000
      -7.22519      -0.00076
      -6.94419       0.21000
      -6.66319       1.47800
      -6.38219       2.19000
      -6.10119       2.09400
      -5.82119       3.37000
      -5.54019       4.09900
      -5.25919       4.43000
      -4.97819       5.98300
      -4.69719       6.35600
      -4.41619       9.66400
      -4.13619      18.38000
      -3.85519      24.13000
      -3.57419      32.14000
      -3.29319      37.83000
      -3.01219      43.14000
      -2.73219      44.85000
      -2.45119      30.64000
      -2.17019      34.76000
      -1.88919      61.70000
      -1.60819      51.30000
      -1.32819      48.58000
      -1.04719      46.00000
      -0.76619      50.69000
      -0.48519      48.77000
      -0.20419      43.90000
       0.07581      35.78000
       0.35681      23.44000
       0.63781      19.20000
       0.91881      19.53000
       1.19981      22.36000
       1.47981      30.88000
       1.76081      36.00000
       2.04181      40.57000
       2.32281      44.94000
       2.60381      47.72000
       2.88381      42.63000
       3.16481       5.90900
       3.44581      -0.01219
       3.72681      -0.00000
       4.00781       0.00000
       4.28781       0.00000
       4.56881       0.00000
       4.84981       0.00000
       5.13081       0.00000
       5.41181       0.00000
       5.69181       0.00000
       5.97281       0.00000
       6.25381       0.00000
       6.53481       0.00000
       6.81581       0.00000
