      #Energy        TDOS
     -67.31522       0.00000
     -67.07122       0.00000
     -66.82722       0.00000
     -66.58322       0.00000
     -66.33922       0.00000
     -66.09522       0.00000
     -65.85122       0.00000
     -65.60722       0.00000
     -65.36322       0.00000
     -65.11922       0.00000
     -64.87522      -0.00000
     -64.63122      -0.00000
     -64.38722      -0.00000
     -64.14322      -0.55190
     -63.89922      46.96000
     -63.65522      50.07000
     -63.41122       1.90600
     -63.16722      -0.00462
     -62.92322      -0.00000
     -62.67922       0.00000
     -62.43522       0.00000
     -62.19222       0.00000
     -61.94822       0.00000
     -61.70422       0.00000
     -61.46022      -0.00000
     -61.21622      -0.00000
     -60.97222      -0.00002
     -60.72822      -0.28810
     -60.48422       7.99500
     -60.24022      45.59000
     -59.99622      45.68000
     -59.75222      -0.60220
     -59.50822      -0.00001
     -59.26422       0.00000
     -59.02022       0.00000
     -58.77622       0.00000
     -58.53222       0.00000
     -58.28822       0.00000
     -58.04422       0.00000
     -57.80022       0.00000
     -57.55622       0.00000
     -57.31222       0.00000
     -57.06822       0.00000
     -56.82422       0.00000
     -56.58122       0.00000
     -56.33722       0.00000
     -56.09322       0.00000
     -55.84922       0.00000
     -55.60522       0.00000
     -55.36122       0.00000
     -55.11722       0.00000
     -54.87322       0.00000
     -54.62922       0.00000
     -54.38522       0.00000
     -54.14122       0.00000
     -53.89722       0.00000
     -53.65322       0.00000
     -53.40922       0.00000
     -53.16522       0.00000
     -52.92122       0.00000
     -52.67722       0.00000
     -52.43322       0.00000
     -52.18922       0.00000
     -51.94522       0.00000
     -51.70122       0.00000
     -51.45722       0.00000
     -51.21422       0.00000
     -50.97022       0.00000
     -50.72622       0.00000
     -50.48222       0.00000
     -50.23822       0.00000
     -49.99422       0.00000
     -49.75022       0.00000
     -49.50622       0.00000
     -49.26222      -0.00000
     -49.01822      -0.00000
     -48.77422      -0.00000
     -48.53022      -0.00155
     -48.28622       0.25110
     -48.04222      68.73000
     -47.79822      26.51000
     -47.55422       2.89500
     -47.31022      -0.00762
     -47.06622      -0.00000
     -46.82222       0.00000
     -46.57822       0.00000
     -46.33422       0.00000
     -46.09022       0.00000
     -45.84622       0.00000
     -45.60322       0.00000
     -45.35922       0.00000
     -45.11522       0.00000
     -44.87122       0.00000
     -44.62722       0.00000
     -44.38322       0.00000
     -44.13922       0.00000
     -43.89522       0.00000
     -43.65122       0.00000
     -43.40722       0.00000
     -43.16322       0.00000
     -42.91922       0.00000
     -42.67522       0.00000
     -42.43122       0.00000
     -42.18722       0.00000
     -41.94322       0.00000
     -41.69922       0.00000
     -41.45522       0.00000
     -41.21122       0.00000
     -40.96722       0.00000
     -40.72322       0.00000
     -40.47922       0.00000
     -40.23622       0.00000
     -39.99222       0.00000
     -39.74822       0.00000
     -39.50422       0.00000
     -39.26022       0.00000
     -39.01622      -0.00000
     -38.77222      -0.00000
     -38.52822      -0.00000
     -38.28422      -0.00039
     -38.04022      -1.21100
     -37.79622     123.30000
     -37.55222     145.80000
     -37.30822      20.54000
     -37.06422       6.72600
     -36.82022      -0.03751
     -36.57622      -0.00000
     -36.33222       0.00000
     -36.08822       0.00000
     -35.84422      -0.00000
     -35.60022      -0.00000
     -35.35622      -0.00000
     -35.11222      -0.12920
     -34.86922      12.72000
     -34.62522      34.31000
     -34.38122      73.84000
     -34.13722     160.30000
     -33.89322      14.18000
     -33.64922      -0.07723
     -33.40522      -0.00000
     -33.16122       0.00000
     -32.91722       0.00000
     -32.67322       0.00000
     -32.42922       0.00000
     -32.18522       0.00000
     -31.94122       0.00000
     -31.69722       0.00000
     -31.45322       0.00000
     -31.20922       0.00000
     -30.96522       0.00000
     -30.72122       0.00000
     -30.47722       0.00000
     -30.23322       0.00000
     -29.98922       0.00000
     -29.74522       0.00000
     -29.50122       0.00000
     -29.25822       0.00000
     -29.01422       0.00000
     -28.77022       0.00000
     -28.52622       0.00000
     -28.28222       0.00000
     -28.03822       0.00000
     -27.79422      -0.00000
     -27.55022      -0.00000
     -27.30622      -0.00000
     -27.06222      -0.00112
     -26.81822       0.55270
     -26.57422      27.88000
     -26.33022      60.22000
     -26.08622      85.07000
     -25.84222     106.80000
     -25.59822      14.70000
     -25.35422      -0.10020
     -25.11022      -0.00000
     -24.86622       0.00000
     -24.62222       0.00000
     -24.37822       0.00000
     -24.13422       0.00000
     -23.89122       0.00000
     -23.64722       0.00000
     -23.40322       0.00000
     -23.15922       0.00000
     -22.91522       0.00000
     -22.67122       0.00000
     -22.42722       0.00000
     -22.18322       0.00000
     -21.93922       0.00000
     -21.69522       0.00000
     -21.45122       0.00000
     -21.20722       0.00000
     -20.96322       0.00000
     -20.71922       0.00000
     -20.47522       0.00000
     -20.23122       0.00000
     -19.98722       0.00000
     -19.74322       0.00000
     -19.49922       0.00000
     -19.25522       0.00000
     -19.01122       0.00000
     -18.76722       0.00000
     -18.52322       0.00000
     -18.28022       0.00000
     -18.03622       0.00000
     -17.79222       0.00000
     -17.54822       0.00000
     -17.30422       0.00000
     -17.06022       0.00000
     -16.81622       0.00000
     -16.57222       0.00000
     -16.32822       0.00000
     -16.08422       0.00000
     -15.84022       0.00000
     -15.59622       0.00000
     -15.35222       0.00000
     -15.10822       0.00000
     -14.86422       0.00000
     -14.62022       0.00000
     -14.37622       0.00000
     -14.13222       0.00000
     -13.88822       0.00000
     -13.64422       0.00000
     -13.40022       0.00000
     -13.15622       0.00000
     -12.91322       0.00000
     -12.66922       0.00000
     -12.42522       0.00000
     -12.18122       0.00000
     -11.93722       0.00000
     -11.69322       0.00000
     -11.44922       0.00000
     -11.20522       0.00000
     -10.96122       0.00000
     -10.71722       0.00000
     -10.47322       0.00000
     -10.22922       0.00000
      -9.98522       0.00000
      -9.74122       0.00000
      -9.49722       0.00000
      -9.25322       0.00000
      -9.00922       0.00000
      -8.76522       0.00000
      -8.52122       0.00000
      -8.27722       0.00000
      -8.03322       0.00000
      -7.78922       0.00000
      -7.54522       0.00000
      -7.30222       0.00000
      -7.05822      -0.00000
      -6.81422      -0.00000
      -6.57022      -0.00000
      -6.32622      -0.00041
      -6.08222       0.10020
      -5.83822       1.11900
      -5.59422       1.96400
      -5.35022       2.10300
      -5.10622       2.99100
      -4.86222       3.75900
      -4.61822       3.82500
      -4.37422       5.33600
      -4.13022       5.29500
      -3.88622       8.79400
      -3.64222      16.06000
      -3.39822      30.83000
      -3.15422      39.06000
      -2.91022      40.11000
      -2.66622      42.03000
      -2.42222      44.61000
      -2.17822      43.03000
      -1.93522      36.03000
      -1.69122      44.07000
      -1.44722      55.25000
      -1.20322      52.99000
      -0.95922      54.46000
      -0.71522      53.63000
      -0.47122      54.84000
      -0.22722      53.55000
       0.01678      44.86000
       0.26078      38.90000
       0.50478      35.21000
       0.74878      29.69000
       0.99278      31.73000
       1.23678      34.12000
       1.48078      38.14000
       1.72478      48.56000
       1.96878      56.20000
       2.21278      64.38000
       2.45678      54.97000
       2.70078       7.99500
       2.94478      -0.04618
       3.18878      -0.00000
       3.43278       0.00000
       3.67578       0.00000
       3.91978       0.00000
       4.16378       0.00000
       4.40778       0.00000
       4.65178       0.00000
       4.89578       0.00000
       5.13978       0.00000
       5.38378       0.00000
       5.62778       0.00000
       5.87178       0.00000
