      #Energy        TDOS
     -77.28561       0.00000
     -77.00161       0.00000
     -76.71761       0.00000
     -76.43361       0.00000
     -76.14961       0.00000
     -75.86561       0.00000
     -75.58161       0.00000
     -75.29761       0.00000
     -75.01361       0.00000
     -74.72861       0.00000
     -74.44461      -0.00000
     -74.16061      -0.00000
     -73.87661      -0.00000
     -73.59261      -0.14220
     -73.30861      34.42000
     -73.02461      50.71000
     -72.74061      -0.50690
     -72.45661      -0.00000
     -72.17161       0.00000
     -71.88761       0.00000
     -71.60361       0.00000
     -71.31961       0.00000
     -71.03561       0.00000
     -70.75161       0.00000
     -70.46761       0.00000
     -70.18361       0.00000
     -69.89961       0.00000
     -69.61461       0.00000
     -69.33061       0.00000
     -69.04661       0.00000
     -68.76261       0.00000
     -68.47861       0.00000
     -68.19461       0.00000
     -67.91061       0.00000
     -67.62661       0.00000
     -67.34261       0.00000
     -67.05761       0.00000
     -66.77361       0.00000
     -66.48961       0.00000
     -66.20561       0.00000
     -65.92161       0.00000
     -65.63761       0.00000
     -65.35361       0.00000
     -65.06961       0.00000
     -64.78561       0.00000
     -64.50061       0.00000
     -64.21661       0.00000
     -63.93261       0.00000
     -63.64861       0.00000
     -63.36461       0.00000
     -63.08061       0.00000
     -62.79661       0.00000
     -62.51261       0.00000
     -62.22861       0.00000
     -61.94361       0.00000
     -61.65961       0.00000
     -61.37561       0.00000
     -61.09161       0.00000
     -60.80761       0.00000
     -60.52361       0.00000
     -60.23961       0.00000
     -59.95561       0.00000
     -59.67161       0.00000
     -59.38661       0.00000
     -59.10261       0.00000
     -58.81861       0.00000
     -58.53461       0.00000
     -58.25061       0.00000
     -57.96661       0.00000
     -57.68261       0.00000
     -57.39861       0.00000
     -57.11461       0.00000
     -56.82961       0.00000
     -56.54561       0.00000
     -56.26161       0.00000
     -55.97761       0.00000
     -55.69361       0.00000
     -55.40961       0.00000
     -55.12561      -0.00000
     -54.84161      -0.00000
     -54.55761      -0.00003
     -54.27261      -0.94520
     -53.98861      84.32000
     -53.70461       1.10200
     -53.42061      -0.00045
     -53.13661       0.00000
     -52.85261       0.00000
     -52.56861       0.00000
     -52.28461       0.00000
     -52.00061       0.00000
     -51.71561       0.00000
     -51.43161       0.00000
     -51.14761       0.00000
     -50.86361       0.00000
     -50.57961       0.00000
     -50.29561       0.00000
     -50.01161       0.00000
     -49.72761       0.00000
     -49.44361       0.00000
     -49.15861       0.00000
     -48.87461       0.00000
     -48.59061       0.00000
     -48.30661       0.00000
     -48.02261       0.00000
     -47.73861       0.00000
     -47.45461       0.00000
     -47.17061       0.00000
     -46.88661       0.00000
     -46.60161       0.00000
     -46.31761       0.00000
     -46.03361       0.00000
     -45.74961       0.00000
     -45.46561       0.00000
     -45.18161       0.00000
     -44.89761       0.00000
     -44.61361       0.00000
     -44.32961       0.00000
     -44.04461       0.00000
     -43.76061       0.00000
     -43.47661       0.00000
     -43.19261       0.00000
     -42.90861       0.00000
     -42.62461       0.00000
     -42.34061       0.00000
     -42.05661       0.00000
     -41.77261       0.00000
     -41.48761       0.00000
     -41.20361       0.00000
     -40.91961       0.00000
     -40.63561       0.00000
     -40.35161       0.00000
     -40.06761       0.00000
     -39.78361       0.00000
     -39.49961       0.00000
     -39.21561       0.00000
     -38.93061      -0.00000
     -38.64661      -0.00000
     -38.36261      -0.00000
     -38.07861      -0.19770
     -37.79461      20.39000
     -37.51061      91.98000
     -37.22661     142.80000
     -36.94261      -1.56500
     -36.65861      -0.00002
     -36.37361       0.00000
     -36.08961       0.00000
     -35.80561       0.00000
     -35.52161       0.00000
     -35.23761       0.00000
     -34.95361      -0.00000
     -34.66961      -0.00000
     -34.38561      -0.00003
     -34.10161      -0.00095
     -33.81661      43.17000
     -33.53261     139.90000
     -33.24861      65.79000
     -32.96461       4.53500
     -32.68061      -0.00513
     -32.39661       0.00000
     -32.11261       0.00000
     -31.82861       0.00000
     -31.54461      -0.00000
     -31.25961      -0.00000
     -30.97561      -0.00007
     -30.69161       0.29600
     -30.40761      55.25000
     -30.12361     103.50000
     -29.83961      89.94000
     -29.55561       4.39400
     -29.27161      -0.00349
     -28.98761       0.00000
     -28.70261       0.00000
     -28.41861       0.00000
     -28.13461       0.00000
     -27.85061       0.00000
     -27.56661       0.00000
     -27.28261       0.00000
     -26.99861       0.00000
     -26.71461       0.00000
     -26.43061       0.00000
     -26.14561       0.00000
     -25.86161       0.00000
     -25.57761       0.00000
     -25.29361       0.00000
     -25.00961       0.00000
     -24.72561       0.00000
     -24.44161       0.00000
     -24.15761       0.00000
     -23.87361       0.00000
     -23.58861       0.00000
     -23.30461       0.00000
     -23.02061       0.00000
     -22.73661       0.00000
     -22.45261       0.00000
     -22.16861       0.00000
     -21.88461       0.00000
     -21.60061       0.00000
     -21.31661       0.00000
     -21.03161       0.00000
     -20.74761       0.00000
     -20.46361       0.00000
     -20.17961       0.00000
     -19.89561       0.00000
     -19.61161       0.00000
     -19.32761       0.00000
     -19.04361       0.00000
     -18.75961       0.00000
     -18.47461       0.00000
     -18.19061       0.00000
     -17.90661       0.00000
     -17.62261       0.00000
     -17.33861       0.00000
     -17.05461       0.00000
     -16.77061       0.00000
     -16.48661       0.00000
     -16.20261       0.00000
     -15.91761       0.00000
     -15.63361       0.00000
     -15.34961       0.00000
     -15.06561       0.00000
     -14.78161       0.00000
     -14.49761       0.00000
     -14.21361       0.00000
     -13.92961       0.00000
     -13.64561       0.00000
     -13.36061       0.00000
     -13.07661       0.00000
     -12.79261       0.00000
     -12.50861       0.00000
     -12.22461       0.00000
     -11.94061       0.00000
     -11.65661       0.00000
     -11.37261       0.00000
     -11.08861       0.00000
     -10.80361       0.00000
     -10.51961       0.00000
     -10.23561       0.00000
      -9.95161       0.00000
      -9.66761       0.00000
      -9.38361       0.00000
      -9.09961       0.00000
      -8.81561       0.00000
      -8.53161      -0.00000
      -8.24661      -0.00000
      -7.96261      -0.00000
      -7.67861       0.00471
      -7.39461       0.77710
      -7.11061       1.60600
      -6.82661       1.91100
      -6.54261       2.93500
      -6.25861       3.21600
      -5.97461       2.93500
      -5.68961       4.28000
      -5.40561       5.28800
      -5.12161       6.20700
      -4.83761       7.51500
      -4.55361      11.66000
      -4.26961      19.48000
      -3.98561      22.59000
      -3.70161      28.20000
      -3.41761      31.68000
      -3.13261      36.85000
      -2.84861      42.07000
      -2.56461      31.18000
      -2.28061      17.15000
      -1.99661      27.12000
      -1.71261      67.46000
      -1.42861      55.76000
      -1.14461      44.76000
      -0.85961      46.56000
      -0.57561      55.63000
      -0.29161      57.33000
      -0.00761      42.69000
       0.27639      28.92000
       0.56039      17.62000
       0.84439      12.18000
       1.12839      16.40000
       1.41239      15.09000
       1.69739      24.47000
       1.98139      26.42000
       2.26539      30.89000
       2.54939      34.43000
       2.83339      40.41000
       3.11739      42.29000
       3.40139      47.67000
       3.68539      47.25000
       3.96939      36.17000
       4.25439       3.10800
       4.53839      -0.00841
       4.82239      -0.00000
       5.10639       0.00000
       5.39039       0.00000
       5.67439       0.00000
       5.95839       0.00000
       6.24239       0.00000
       6.52639       0.00000
       6.81139       0.00000
       7.09539       0.00000
       7.37939       0.00000
       7.66339       0.00000
       7.94739       0.00000
