      #Energy        TDOS
     -77.45800       0.00000
     -77.17500       0.00000
     -76.89200       0.00000
     -76.60900       0.00000
     -76.32600       0.00000
     -76.04300       0.00000
     -75.75900       0.00000
     -75.47600       0.00000
     -75.19300       0.00000
     -74.91000       0.00000
     -74.62700      -0.00000
     -74.34300      -0.00000
     -74.06000      -0.00000
     -73.77700      -0.10200
     -73.49400       9.59400
     -73.21100      69.10000
     -72.92700      -0.90710
     -72.64400      -0.00003
     -72.36100       0.00000
     -72.07800       0.00000
     -71.79500       0.00000
     -71.51200       0.00000
     -71.22800       0.00000
     -70.94500       0.00000
     -70.66200       0.00000
     -70.37900       0.00000
     -70.09600       0.00000
     -69.81200       0.00000
     -69.52900       0.00000
     -69.24600       0.00000
     -68.96300       0.00000
     -68.68000       0.00000
     -68.39600       0.00000
     -68.11300       0.00000
     -67.83000       0.00000
     -67.54700       0.00000
     -67.26400       0.00000
     -66.98100       0.00000
     -66.69700       0.00000
     -66.41400       0.00000
     -66.13100       0.00000
     -65.84800       0.00000
     -65.56500       0.00000
     -65.28100       0.00000
     -64.99800       0.00000
     -64.71500       0.00000
     -64.43200       0.00000
     -64.14900       0.00000
     -63.86500       0.00000
     -63.58200       0.00000
     -63.29900       0.00000
     -63.01600       0.00000
     -62.73300       0.00000
     -62.45000       0.00000
     -62.16600       0.00000
     -61.88300       0.00000
     -61.60000       0.00000
     -61.31700      -0.00000
     -61.03400      -0.00000
     -60.75000      -0.00965
     -60.46700       5.33100
     -60.18400      20.71000
     -59.90100       2.22300
     -59.61800      -0.00035
     -59.33400       0.00000
     -59.05100       0.00000
     -58.76800       0.00000
     -58.48500       0.00000
     -58.20200       0.00000
     -57.91900       0.00000
     -57.63500       0.00000
     -57.35200       0.00000
     -57.06900       0.00000
     -56.78600       0.00000
     -56.50300       0.00000
     -56.21900       0.00000
     -55.93600       0.00000
     -55.65300       0.00000
     -55.37000      -0.00000
     -55.08700      -0.00000
     -54.80300      -0.00000
     -54.52000      -0.03337
     -54.23700      24.57000
     -53.95400      74.99000
     -53.67100      -0.65500
     -53.38800      -0.00001
     -53.10400       0.00000
     -52.82100       0.00000
     -52.53800       0.00000
     -52.25500       0.00000
     -51.97200       0.00000
     -51.68800       0.00000
     -51.40500       0.00000
     -51.12200       0.00000
     -50.83900       0.00000
     -50.55600       0.00000
     -50.27200       0.00000
     -49.98900       0.00000
     -49.70600       0.00000
     -49.42300       0.00000
     -49.14000       0.00000
     -48.85700       0.00000
     -48.57300       0.00000
     -48.29000       0.00000
     -48.00700       0.00000
     -47.72400       0.00000
     -47.44100       0.00000
     -47.15700       0.00000
     -46.87400       0.00000
     -46.59100       0.00000
     -46.30800       0.00000
     -46.02500       0.00000
     -45.74100       0.00000
     -45.45800       0.00000
     -45.17500       0.00000
     -44.89200       0.00000
     -44.60900       0.00000
     -44.32600       0.00000
     -44.04200       0.00000
     -43.75900       0.00000
     -43.47600       0.00000
     -43.19300       0.00000
     -42.91000       0.00000
     -42.62600       0.00000
     -42.34300       0.00000
     -42.06000       0.00000
     -41.77700       0.00000
     -41.49400       0.00000
     -41.21000       0.00000
     -40.92700       0.00000
     -40.64400       0.00000
     -40.36100       0.00000
     -40.07800       0.00000
     -39.79500       0.00000
     -39.51100       0.00000
     -39.22800       0.00000
     -38.94500      -0.00000
     -38.66200      -0.00000
     -38.37900      -0.00001
     -38.09500      -0.45360
     -37.81200      28.99000
     -37.52900     135.30000
     -37.24600      68.82000
     -36.96300       0.42730
     -36.67900      -0.00009
     -36.39600       0.00000
     -36.11300       0.00000
     -35.83000       0.00000
     -35.54700      -0.00000
     -35.26400      -0.00000
     -34.98000      -0.00015
     -34.69700       0.67250
     -34.41400      44.57000
     -34.13100      39.77000
     -33.84800      -0.26810
     -33.56400      -0.00000
     -33.28100       0.00000
     -32.99800       0.00000
     -32.71500       0.00000
     -32.43200       0.00000
     -32.14800       0.00000
     -31.86500      -0.00000
     -31.58200      -0.00000
     -31.29900      -0.00000
     -31.01600      -0.03472
     -30.73300      14.35000
     -30.44900      80.48000
     -30.16600     123.10000
     -29.88300      77.86000
     -29.60000      65.98000
     -29.31700      84.17000
     -29.03300      -1.01200
     -28.75000      -0.00000
     -28.46700       0.00000
     -28.18400       0.00000
     -27.90100       0.00000
     -27.61700       0.00000
     -27.33400       0.00000
     -27.05100       0.00000
     -26.76800       0.00000
     -26.48500       0.00000
     -26.20200       0.00000
     -25.91800       0.00000
     -25.63500       0.00000
     -25.35200       0.00000
     -25.06900       0.00000
     -24.78600       0.00000
     -24.50200       0.00000
     -24.21900       0.00000
     -23.93600       0.00000
     -23.65300       0.00000
     -23.37000       0.00000
     -23.08600       0.00000
     -22.80300       0.00000
     -22.52000       0.00000
     -22.23700       0.00000
     -21.95400       0.00000
     -21.67100       0.00000
     -21.38700       0.00000
     -21.10400       0.00000
     -20.82100       0.00000
     -20.53800       0.00000
     -20.25500       0.00000
     -19.97100       0.00000
     -19.68800       0.00000
     -19.40500       0.00000
     -19.12200       0.00000
     -18.83900       0.00000
     -18.55500       0.00000
     -18.27200       0.00000
     -17.98900       0.00000
     -17.70600       0.00000
     -17.42300       0.00000
     -17.14000       0.00000
     -16.85600       0.00000
     -16.57300       0.00000
     -16.29000       0.00000
     -16.00700       0.00000
     -15.72400       0.00000
     -15.44000       0.00000
     -15.15700       0.00000
     -14.87400       0.00000
     -14.59100       0.00000
     -14.30800       0.00000
     -14.02400       0.00000
     -13.74100       0.00000
     -13.45800       0.00000
     -13.17500       0.00000
     -12.89200       0.00000
     -12.60900       0.00000
     -12.32500       0.00000
     -12.04200       0.00000
     -11.75900       0.00000
     -11.47600       0.00000
     -11.19300       0.00000
     -10.90900       0.00000
     -10.62600       0.00000
     -10.34300       0.00000
     -10.06000       0.00000
      -9.77700       0.00000
      -9.49300       0.00000
      -9.21000       0.00000
      -8.92700       0.00000
      -8.64400       0.00000
      -8.36100       0.00000
      -8.07800      -0.00000
      -7.79400      -0.00000
      -7.51100      -0.00006
      -7.22800       0.08766
      -6.94500       1.24000
      -6.66200       2.14300
      -6.37800       1.64800
      -6.09500       2.86300
      -5.81200       3.06200
      -5.52900       4.26600
      -5.24600       4.80400
      -4.96200       5.87900
      -4.67900       7.19500
      -4.39600      11.93000
      -4.11300      17.85000
      -3.83000      22.77000
      -3.54700      29.12000
      -3.26300      35.60000
      -2.98000      41.14000
      -2.69700      41.88000
      -2.41400      31.12000
      -2.13100      21.50000
      -1.84700      51.66000
      -1.56400      58.65000
      -1.28100      47.97000
      -0.99800      46.04000
      -0.71500      50.59000
      -0.43100      53.11000
      -0.14800      47.52000
       0.13500      40.06000
       0.41800      25.92000
       0.70100      19.49000
       0.98400      16.13000
       1.26800      17.64000
       1.55100      22.74000
       1.83400      28.92000
       2.11700      34.63000
       2.40000      38.04000
       2.68400      43.50000
       2.96700      43.59000
       3.25000      42.82000
       3.53300      44.43000
       3.81600       6.90300
       4.10000      -0.01305
       4.38300      -0.00000
       4.66600       0.00000
       4.94900       0.00000
       5.23200       0.00000
       5.51500       0.00000
       5.79900       0.00000
       6.08200       0.00000
       6.36500       0.00000
       6.64800       0.00000
       6.93100       0.00000
       7.21500       0.00000
       7.49800       0.00000
